 878
	32.73865385387279 0.0 9.586393662160713
	32.69484403764614 -0.00400923528735706 9.587457679843148
	32.65107714219525 -0.008020181106485103 9.588514368273621
	32.607353162263955 -0.012032836768890316 9.589563725872763
	32.56367209257475 -0.01604720157935504 9.590605751049951
	32.520033927828536 -0.020063274835930282 9.591640442203246
	32.4764386627049 -0.02408105582988799 9.5926677977193
	32.43288629186157 -0.028100543845746097 9.593687815973253
	32.389376809934966 -0.032121738161190044 9.594700495328663
	32.345910211539085 -0.03614463804715105 9.595705834137403
	32.3024864912664 -0.040169242767698794 9.596703830739573
	32.25910564368725 -0.044195551580071726 9.597694483463407
	32.21576766334956 -0.04822356373467748 9.598677790625173
	32.172472544779474 -0.052253278475008845 9.599653750529095
	32.12922028248009 -0.05628469503773508 9.600622361467252
	32.08601087093239 -0.06031781265259144 9.601583621719469
	32.042844304594986 -0.06435263054237814 9.602537529553237
	31.999720577902938 -0.06838914792304267 9.603484083223606
	31.956639685269224 -0.0724273640035176 9.604423280973105
	31.91360162108368 -0.07646727798579771 9.605355121031613
	31.87060637971254 -0.08050888906495252 9.60627960161628
	31.827653955499752 -0.08455219642898304 9.607196720931432
	31.784744342765084 -0.08859719925896982 9.60810647716844
	31.74187753580537 -0.09264389672893293 9.609008868505653
	31.699053528893558 -0.09669228800589484 9.609903893108271
	31.656272316279413 -0.10074237224979157 9.61079154912825
	31.613533892188176 -0.1047941486135702 9.611671834704193
	31.57083825082198 -0.10884761624303356 9.612544747961248
	31.528185386358146 -0.11290277427697279 9.613410287010995
	31.485575292950283 -0.11695962184704156 9.614268449951345
	31.443007964727926 -0.12101815807776235 9.615119234866428
	31.400483395795277 -0.12507838208662161 9.615962639826481
	31.35800158023318 -0.12914029298385887 9.616798662887732
	31.31556251209698 -0.13320388987264137 9.617627302092306
	31.273166185417445 -0.13726917184895646 9.618448555468094
	31.230812594200547 -0.14133613800160222 9.619262421028651
	31.18850173242718 -0.14540478741219312 9.620068896773065
	31.14623359405289 -0.1494751191551597 9.620867980685867
	31.104008173008157 -0.15354713229769626 9.621659670736888
	31.061825463197792 -0.15762082589979431 9.622443964881143
	31.01968545850126 -0.16169619901418572 9.623220861058753
	30.977588152772093 -0.16577325068637624 9.623990357194753
	30.93553353983825 -0.16985197995458476 9.624752451199043
	30.893521613501377 -0.17393238584979007 9.62550714096621
	30.851552367537558 -0.17801446739563367 9.626254424375428
	30.809625795695908 -0.1820982236085308 9.626994299290354
	30.767741891699906 -0.18618365349751825 9.627726763558965
	30.725900649245965 -0.19027075606436636 9.628451815013443
	30.684102062004214 -0.1943595303034803 9.62916945147006
	30.64234612361778 -0.1984499752019444 9.629879670729041
	30.60063282770285 -0.20254208973949187 9.630582470574419
	30.55896216784869 -0.20663587288847854 9.63127784877394
	30.51733413761729 -0.21073132361389432 9.631965803078886
	30.475748730543362 -0.21482844087333644 9.632646331223974
	30.434205940133893 -0.21892722361703204 9.633319430927209
	30.392705759868527 -0.22302767078777444 9.633985099889735
	30.351248183198866 -0.22712978132096887 9.634643335795735
	30.30983320354875 -0.23123355414458002 9.635294136312249
	30.268460814313965 -0.23533898817913682 9.63593749908905
	30.22713100886194 -0.23944608233773923 9.636573421758529
	30.185843780531627 -0.24355483552604584 9.637201901935496
	30.14459912263401 -0.24766524664219886 9.637822937217091
	30.10339702845063 -0.25177731457694724 9.63843652518261
	30.06223749123475 -0.2558910382135084 9.639042663393369
	30.021120504210487 -0.2600064164276281 9.639641349392537
	29.98004606057289 -0.26412344808755206 9.640232580705021
	29.939014153487555 -0.26824213205403885 9.640816354837277
	29.898024776090885 -0.2723624671803117 9.641392669277193
	29.857077921489424 -0.27648445231210095 9.641961521493908
	29.81617358276016 -0.28060808628759026 9.642522908937663
	29.775311752950202 -0.28473336793742793 9.643076829039668
	29.734492425076347 -0.28886029608474373 9.643623279211914
	29.69371559212552 -0.29298886954508474 9.64416225684702
	29.652981247053717 -0.29711908712649776 9.644693759318091
	29.612289382786994 -0.30125094762940563 9.645217783978527
	29.57163999222041 -0.30538444984669305 9.6457343281619
	29.531033068218083 -0.30951959256367645 9.646243389181734
	29.49046860361309 -0.31365637455809375 9.646744964331383
	29.449946591207436 -0.31779479460008275 9.64723905088384
	29.409467023771732 -0.3219348514521924 9.647725646091601
	29.369029894044786 -0.32607654386940266 9.648204747186412
	29.328635194734233 -0.3302198705990374 9.648676351379214
	29.288282918515147 -0.33436483038088266 9.649140455859866
	29.24797305803101 -0.33851142194706924 9.649597057797006
	29.207705605892922 -0.3426596440221279 9.650046154337899
	29.167480554679774 -0.34680949532295186 9.65048774260821
	29.12729789693739 -0.3509609745588623 9.650921819711868
	29.087157625179255 -0.35511408043151266 9.651348382730838
	29.047059731886012 -0.35926881163491814 9.651767428724972
	29.00700420950487 -0.3634251668554966 9.652178954731795
	28.966991050449874 -0.3675831447720179 9.652582957766361
	28.927020247101503 -0.37174274405562546 9.652979434820999
	28.88709179180693 -0.37590396336978804 9.65336838286517
	28.847205676879124 -0.3800668013703717 9.653749798845258
	28.807361894597044 -0.3842312567055995 9.654123679684382
	28.767560437205855 -0.3883973280160075 9.654490022282168
	28.72780129691587 -0.392565013934536 9.65484882351461
	28.68808446590306 -0.3967343130864543 9.655200080233785
	28.64840993630839 -0.400905224089411 9.655543789267746
	28.608777700238267 -0.4050777455533663 9.655879947420223
	28.56918774976384 -0.40925187608064584 9.656208551470492
	28.529640076920526 -0.41342761426597086 9.65652959817313
	28.490134673708614 -0.41760495869637376 9.656843084257781
	28.450671532092677 -0.42178390795124293 9.65714900642902
	28.411250644001065 -0.4259644606023542 9.657447361366051
	28.37187200132625 -0.4301466152138171 9.657738145722545
	28.33253559592443 -0.43433037034209593 9.658021356126381
	28.293241419614905 -0.4385157245360596 9.6582969891795
	28.253989464180936 -0.44270267633686866 9.658565041457557
	28.214779721368142 -0.4468912242781294 9.658825509509835
	28.17561218288523 -0.45108136688579603 9.659078389858907
	28.136486840403986 -0.45527310267815513 9.659323679000465
	28.097403685558085 -0.45946643016593264 9.659561373403086
	28.0583627099439 -0.4636613478521918 9.659791469507951
	28.01936390511947 -0.46785785423242293 9.660013963728671
	27.98040726260495 -0.472055947794481 9.660228852451002
	27.9414927738821 -0.47625562701862023 9.660436132032634
	27.902620430394006 -0.4804568903775082 9.660635798802922
	27.863790223544488 -0.4846597363362729 9.660827849062658
	27.825002144699592 -0.48886416335232463 9.661012279083804
	27.786256185184826 -0.4930701698756371 9.661189085109289
	27.747552336286837 -0.49727775434855115 9.66135826335269
	27.7088905892526 -0.5014869152058453 9.661519809998
	27.670270935288816 -0.5056976508747861 9.661673721199412
	27.631693365562956 -0.5099099597749965 9.661819993080988
	27.593157871200905 -0.5141238403187003 9.661958621736469
	27.554664443288818 -0.5183392909105001 9.662089603228939
	27.516213072871953 -0.5225563099474944 9.662212933590594
	27.47780375095417 -0.526774895819313 9.662328608822492
	27.43943646849846 -0.5309950469080467 9.662436624894216
	27.401111216426088 -0.5352167615883267 9.662536977743684
	27.36282798561682 -0.5394400382272843 9.66262966327677
	27.32458676690821 -0.5436648751846159 9.662714677367102
	27.28638755109545 -0.5478912708125865 9.662792015855759
	27.24823032893178 -0.5521192234559699 9.662861674550944
	27.210115091127697 -0.5563487314521214 9.662923649227745
	27.172041828350253 -0.5605797931310452 9.662977935627808
	27.13401053122389 -0.564812406815288 9.66302452945908
	27.096021190329207 -0.5690465708200622 9.663063426395446
	27.058073796203736 -0.5732822834531484 9.663094622076486
	27.02016833934037 -0.5775195430150577 9.66311811210715
	26.9823048101883 -0.5817583477989156 9.66313389205745
	26.944483199152536 -0.5859986960905043 9.663141957462123
	26.90670349659248 -0.5902405861684107 9.66314230382039
	26.86896569282394 -0.594484016303789 9.66313492659553
	26.83126977811638 -0.5987289847606613 9.663119821214677
	26.793615742694474 -0.6029754897957272 9.6630969830684
	26.756003576737115 -0.6072235296584718 9.66306640751044
	26.718433270377115 -0.6114731025911835 9.663028089857335
	26.680904813700995 -0.6157242068289731 9.662982025388123
	26.64341819674908 -0.6199768405997497 9.662928209343992
	26.60597340951496 -0.624231002124276 9.662866636927909
	26.56857044194473 -0.6284866896162427 9.662797303304345
	26.531209283937606 -0.6327439012821936 9.662720203598848
	26.493889925345236 -0.6370026353215927 9.662635332897782
	26.456612355971185 -0.641262889926878 9.662542686247846
	26.419376565571348 -0.6455246632834032 9.66244225865586
	26.382182543852558 -0.6497879535695943 9.662334045088334
	26.34503028047381 -0.6540527589567987 9.662218040471064
	26.307919765044296 -0.6583190776095061 9.66209423968881
	26.270850987124422 -0.6625869076852264 9.661962637584988
	26.233823936225473 -0.6668562473345196 9.661823228961115
	26.196838601807876 -0.6711270947011927 9.661676008576634
	26.159894973283055 -0.6753994479220802 9.661520971148386
	26.122993040011295 -0.679673305127286 9.661358111350255
	26.086132791302223 -0.6839486644401231 9.661187423812857
	26.049314216415244 -0.6882255239770606 9.661008903123015
	26.01253730455767 -0.6925038818479342 9.660822543823441
	25.975802044885537 -0.6967837361558523 9.66062834041233
	25.939108426502877 -0.7010650849972728 9.660426287342919
	25.902456438461858 -0.7053479264619891 9.660216379023108
	25.865846069761552 -0.709632258633269 9.659998609815002
	25.829277309349283 -0.7139180795876964 9.659772974034539
	25.7927501461179 -0.7182053873954893 9.659539465951019
	25.75626456890798 -0.7224941801202399 9.659298079786726
	25.719820566505813 -0.7267844558191527 9.659048809716435
	25.683418127643534 -0.7310762125430261 9.658791649867018
	25.647057240999434 -0.7353694483362194 9.658526594316982
	25.61073789519667 -0.7396641612368026 9.658253637096033
	25.574460078803305 -0.7439603492765562 9.657972772184573
	25.53822378033268 -0.7482580104809257 9.6576839935134
	25.502028988241673 -0.7525571428692324 9.657387294962968
	25.46587569093163 -0.7568577444545647 9.657082670363225
	25.429763876747565 -0.7611598132438764 9.65677011349294
	25.39369353397769 -0.7654633472380457 9.656449618079266
	25.3576646508532 -0.7697683444319054 9.656121177797338
	25.321677215548146 -0.7740748028142623 9.655784786269693
	25.285731216178558 -0.7783827203680076 9.655440437065838
	25.249826640802812 -0.7826920950700762 9.65508812370171
	25.213963477420666 -0.787002924891572 9.654727839639179
	25.178141713972995 -0.7913152077978034 9.654359578285606
	25.142361338342152 -0.795628941748246 9.653983332993247
	25.106622338350725 -0.7999441246967034 9.653599097058768
	25.070924701761236 -0.804260754591348 9.65320686372277
	25.035268416276544 -0.8085788293746824 9.652806626169117
	24.9996534695386 -0.8128983469836994 9.652398377524598
	24.964079849129163 -0.8172193053498032 9.651982110858247
	24.928547542567866 -0.8215417023990564 9.651557819180821
	24.89305653731316 -0.8258655360520734 9.651125495444303
	24.857606820761553 -0.8301908042241265 9.650685132541266
	24.822198380247574 -0.8345175048251612 9.650236723304387
	24.78683120304178 -0.8388456357600509 9.649780260505805
	24.751505276353225 -0.84317519492831 9.649315736856627
	24.71622058732648 -0.84750618022447 9.648843145006273
	24.68097712304213 -0.8518385895380348 9.648362477541909
	24.64577487051724 -0.8561724207534359 9.647873726987882
	24.610613816703466 -0.860507671750283 9.647376885805084
	24.575493948488173 -0.8648443404032384 9.646871946390382
	24.540415252692615 -0.8691824245822618 9.646358901075937
	24.505377716072505 -0.8735219221525545 9.645837742128702
	24.47038132531709 -0.8778628309746928 9.645308461749657
	24.435426067049583 -0.8822051489045917 9.644771052073253
	24.400511927825352 -0.8865488737937514 9.644225505166835
	24.365638894132694 -0.8908940034891768 9.643671813029794
	24.330806952392074 -0.8952405358334966 9.643109967593158
	24.296016088955728 -0.8995884686650316 9.642539960718736
	24.26126629010665 -0.9039377998179431 9.64196178419856
	24.226557542059652 -0.9082885271221234 9.6413754297542
	24.19188983095876 -0.9126406484035448 9.64078088903603
	24.157263142879312 -0.9169941614840205 9.640178153622529
	24.122677463825042 -0.9213490641815938 9.639567215019706
	24.088132779729644 -0.9257053543103705 9.638948064660257
	24.053629076455344 -0.9300630296807197 9.638320693902868
	24.0191663397921 -0.9344220880994062 9.637685094031651
	23.984744555458608 -0.9387825273694879 9.637041256255172
	23.950363709100344 -0.9431443452905922 9.636389171705913
	23.916023786289788 -0.9475075396589173 9.63572883143939
	23.881724772525633 -0.951872108267363 9.635060226433536
	23.847466653233557 -0.956238048905462 9.634383347587798
	23.813249413763437 -0.9606053593597649 9.633698185722515
	23.779073039391392 -0.9649740374136155 9.633004731577985
	23.7449375153175 -0.9693440808474709 9.632302975813799
	23.710842826666234 -0.9737154874388821 9.631592909007962
	23.676788958485925 -0.978088254962598 9.630874521656212
	23.64277589574751 -0.9824623811907595 9.630147804171008
	23.608803623345295 -0.9868378638928375 9.629412746880941
	23.574872126095478 -0.9912147008358635 9.628669340029717
	23.54098138873625 -0.99559288978445 9.627917573775388
	23.507131395926745 -0.9999724285009688 9.627157438189554
	23.473322132247098 -1.0043533147455799 9.626388923256403
	23.43955358219746 -1.008735546276403 9.625612018871903
	23.405825730198327 -1.0131191208495136 9.624826714842914
	23.372138560588947 -1.0175040362191943 9.624033000886348
	23.338492057627057 -1.0218902901380111 9.623230866628111
	23.30488620548953 -1.026277880356774 9.622420301602409
	23.271320988269945 -1.0306668046248997 9.62160129525074
	23.237796389980176 -1.0350570606902494 9.620773836920836
	23.20431239454769 -1.0394486462995292 9.619937915865957
	23.170868985816583 -1.0438415591982044 9.619093521243787
	23.13746614754691 -1.0482357971306349 9.618240642115488
	23.104103863413034 -1.052631357840344 9.617379267444825
	23.07078211700486 -1.0570282390699044 9.616509386097045
	23.037500891825157 -1.0614264385613459 9.615630986837994
	23.00426017129092 -1.065825954056029 9.614744058333068
	22.971059938731962 -1.070226783294884 9.613848589146192
	22.937900177390045 -1.0746289240185811 9.612944567738799
	22.90478087041902 -1.07903237396757 9.61203198246887
	22.87170200088381 -1.0834371308822723 9.611110821589728
	22.83866355176041 -1.0878431925031389 9.610181073249061
	22.805665505934115 -1.0922505565709448 9.60924272548793
	22.77270784620027 -1.0966592208267552 9.608295766239495
	22.739790555263035 -1.1010691830121453 9.607340183328084
	22.70691361573498 -1.1054804408693237 9.606375964468038
	22.67407701013588 -1.109892992141354 9.605403097262508
	22.64128072089358 -1.1143068345721068 9.604421569202424
	22.608524730341397 -1.118721965906675 9.603431367665276
	22.57580902071957 -1.1231383838912452 9.602432479913967
	22.543133574172966 -1.1275560862734777 9.601424893095663
	22.510498372751623 -1.1319750708025027 9.600408594240621
	22.477903398409296 -1.1363953352291891 9.59938357026085
	22.445348633003537 -1.1408168773062053 9.598349807949086
	22.412834058294685 -1.1452396947882302 9.597307293977398
	22.380359655944993 -1.1496637854321503 9.596256014896074
	22.347925407518826 -1.1540891469971049 9.59519595713226
	22.3155312944809 -1.1585157772448074 9.594127106988733
	22.28317729819709 -1.1629436739395116 9.593049450642557
	22.25086339993161 -1.1673728348484809 9.5919629741439
	22.21858958084874 -1.1718032577418318 9.59086766341463
	22.186355822011198 -1.17623494039284 9.589763504246873
	22.15416210437846 -1.1806678805782567 9.588650482301935
	22.12200840880723 -1.185102076078332 9.58752858310867
	22.089894716051703 -1.189537524676861 9.586397792062245
	22.057821006759756 -1.193974224161804 9.585258094422711
	22.025787261475973 -1.198412172324955 9.584109475313502
	21.99379346063822 -1.2028513669625103 9.58295191972023
	21.961839584577916 -1.207291805875121 9.581785412488951
	21.929925613520155 -1.2117334868679746 9.580609938324859
	21.898051527581362 -1.2161764077512138 9.57942548179086
	21.866217306769542 -1.2206205663400032 9.578232027305885
	21.834422930983784 -1.2250659604546932 9.577029559143565
	21.80266838001289 -1.2295125879211186 9.575818061430562
	21.77095363353518 -1.2339604465707226 9.574597518145097
	21.73927867111712 -1.2384095342408556 9.573367913115334
	21.707643472213352 -1.2428598487748788 9.572129230017767
	21.676048016165243 -1.2473113880224704 9.570881452375653
	21.644492282200922 -1.2517641498397358 9.569624563557513
	21.61297624943356 -1.2562181320895538 9.568358546775071
	21.58149989686147 -1.2606733326416828 9.56708338508209
	21.550063203366758 -1.265129749373057 9.5657990613724
	21.518666147715003 -1.269587380167955 9.564505558378238
	21.48730870855361 -1.2740462229183458 9.563202858668426
	21.455990864413153 -1.2785062755238195 9.561890944646931
	21.42471259370292 -1.2829675358923431 9.560569798550702
	21.393473874714246 -1.2874300019399079 9.55923940244822
	21.362274685616683 -1.2918936715911975 9.557899738237307
	21.331115004458194 -1.296358542779692 9.556550787643811
	21.299994809165014 -1.3008246134478127 9.555192532219255
	21.2689140775398 -1.3052918815473193 9.553824953339216
	21.237872787261377 -1.3097603450394761 9.552448032201337
	21.206870915883584 -1.3142300018953563 9.551061749823512
	21.175908440834313 -1.3187008500961122 9.549666087041807
	21.144985339415502 -1.3231728876331172 9.548261024508477
	21.11410158880137 -1.3276461125083585 9.546846542690206
	21.083257166037722 -1.3321205227346817 9.545422621865722
	21.052452048042014 -1.3365961163359248 9.543989242124164
	21.02168621160016 -1.341072891347527 9.542546383362618
	20.99095963336882 -1.3455508458163448 9.541094025284286
	20.960272289872083 -1.350029977801285 9.539632147396226
	20.929624157501294 -1.3545102853734834 9.538160729007469
	20.899015212514644 -1.3589917666165177 9.536679749226353
	20.86844543103529 -1.3634744196268398 9.535189186958819
	20.837914789051535 -1.3679582425139085 9.53368902090598
	20.807423262414787 -1.37244323340065 9.532179229561779
	20.776970826839815 -1.3769293904235833 9.530659791210889
	20.74655745790278 -1.381416711733276 9.529130683926285
	20.716183131040562 -1.3859051954946118 9.527591885567015
	20.68584782155028 -1.3903948398870307 9.526043373775682
	20.655551504587713 -1.3948856431049346 9.52448512597617
	20.625294155166927 -1.3993776033579197 9.522917119371177
	20.595075748158333 -1.4038707188712394 9.52133933093988
	20.564896258289277 -1.4083649878858986 9.519751737435172
	20.534755660141276 -1.412860408659245 9.518154315381409
	20.504653928149917 -1.4173569794651701 9.516547041071844
	20.474591036604725 -1.421854698594315 9.514929890565835
	20.44456695964568 -1.4263535643547836 9.513302839686533
	20.414581671265044 -1.4308535750720566 9.511665864017928
	20.384635145304106 -1.4353547290896793 9.510018938902547
	20.354727355453466 -1.4398570247694136 9.508362039438323
	20.324858275251678 -1.4443604604916411 9.506695140476275
	20.29502787808389 -1.4488650346557737 9.505018216617312
	20.265236137180327 -1.4533707456806866 9.503331242209729
	20.23548302561703 -1.4578775920048157 9.50163419134645
	20.205768516312766 -1.4623855720868326 9.499927037861642
	20.17609258202853 -1.4668946844059394 9.498209755328293
	20.146455195367896 -1.4714049274620276 9.49648231705517
	20.116856328773338 -1.475916299776459 9.49474469608349
	20.087295954527193 -1.4804287998921408 9.492996865184386
	20.057774044749245 -1.4849424263741193 9.491238796855539
	20.0282905713968 -1.4894571778097967 9.489470463317993
	19.99884550626225 -1.4939730528095356 9.48769183651335
	19.96943882097331 -1.4984900500068554 9.485902888100181
	19.940070486990294 -1.503008168059089 9.4841035894512
	19.910740475606108 -1.5075274056476233 9.482293911649615
	19.88144875794446 -1.5120477614784191 9.480473825486108
	19.852195304959597 -1.5165692342822976 9.47864330145543
	19.822980087433248 -1.5210918228156631 9.476802309752758
	19.793803075975838 -1.5256155258605666 9.474950820270669
	19.764664241023166 -1.5301403422254785 9.473088802595338
	19.73556355283606 -1.5346662707456 9.471216226003172
	19.70650098149968 -1.5391933102832367 9.469333059457126
	19.67747649692109 -1.54372145972844 9.467439271603293
	19.648490068828714 -1.5482507179993648 9.465534830766902
	19.61954166677099 -1.5527810840427498 9.46361970494904
	19.59063126011548 -1.5573125568343344 9.461693861822429
	19.561758818046005 -1.5618451353795881 9.459757268728097
	19.532924309563498 -1.5663788187138608 9.457809892671099
	19.50412770348384 -1.5709136059030075 9.455851700316893
	19.47536896843509 -1.5754494960441188 9.453882657987362
	19.446648072858657 -1.5799864882656298 9.451902731656585
	19.417964985006233 -1.5845245817280997 9.449911886946973
	19.389319672938726 -1.5890637756246866 9.447910089125285
	19.360712104525792 -1.593604069181525 9.445897303098121
	19.332142247442988 -1.5981454616584903 9.443873493407947
	19.30361006917157 -1.6026879523495392 9.441838624228843
	19.275115536996708 -1.6072315405833184 9.439792659362034
	19.246658618005807 -1.6117762257237478 9.437735562231484
	19.218239279087324 -1.6163220071705384 9.435667295879746
	19.189857486930073 -1.6208688843596324 9.433587822963123
	19.16151320802014 -1.6254168567640312 9.431497105747273
	19.133206408640355 -1.6299659238942161 9.429395106102609
	19.10493705486968 -1.6345160852985932 9.427281785499636
	19.076705112579752 -1.6390673405643932 9.425157105003855
	19.048510547435132 -1.6436196893179829 9.423021025271796
	19.020353324891307 -1.6481731312255428 9.42087350654514
	18.992233410192465 -1.6527276659937853 9.418714508646437
	18.964150768370935 -1.6572832933704122 9.416543990974194
	18.93610536424502 -1.661840013144835 9.414361912497196
	18.908097162417576 -1.6663978251487739 9.412168231750021
	18.880126127274718 -1.6709567292568523 9.409962906827413
	18.85219222298438 -1.6755167253872114 9.407745895379442
	18.824295413493402 -1.6800778135023726 9.405517154605706
	18.796435662527873 -1.684639993609574 9.403276641250226
	18.768612933589818 -1.6892032657617098 9.401024311595854
	18.74082718995697 -1.6937676300577693 9.398760121458908
	18.71307839468001 -1.6983330866436983 9.396484026183265
	18.685366510581463 -1.7028996357129909 9.394195980634978
	18.657691500253524 -1.7074672775074653 9.391895939196143
	18.630053326057435 -1.7120360123177882 9.389583855759435
	18.602451950121015 -1.7166058404843114 9.387259683721993
	18.57488733433602 -1.7211767623979415 9.384923375979188
	18.54735944035886 -1.7257487785004562 9.382574884919183
	18.519868229606438 -1.730321889285642 9.380214162415985
	18.492413663255753 -1.7348960952998058 9.377841159823856
	18.464995702241797 -1.739471397142584 9.375455827970502
	18.437614307255092 -1.7440477954678073 9.373058117150894
	18.410269438741803 -1.7486252909839504 9.370647977120887
	18.382961056899475 -1.7532038844553177 9.36822535709031
	18.355689121676512 -1.7577835767026064 9.365790205716483
	18.328453592770945 -1.762364368603594 9.363342471097223
	18.301254429626848 -1.7669462610942341 9.360882100764599
	18.274091591434136 -1.7715292551691806 9.358409041677174
	18.24696503712558 -1.7761133518827963 9.35592324021353
	18.21987472537555 -1.7806985523498677 9.353424642164684
	18.192820614597753 -1.7852848577465048 9.350913192727447
	18.16580266294303 -1.7898722693110312 9.34838883649645
	18.138820828297877 -1.7944607883447612 9.345851517457152
	18.11187506828342 -1.7990504162127086 9.343301178977972
	18.08496534025018 -1.8036411543450135 9.340737763802966
	18.058091601279997 -1.8082330042371622 9.338161214043916
	18.031253808181827 -1.8128259674512543 9.33557147117246
	18.004451917490155 -1.817420045616836 9.332968476012011
	17.97768588546193 -1.8220152404319878 9.330352168730267
	17.950955668077274 -1.8266115536637777 9.327722488830156
	17.924261221034023 -1.8312089871497785 9.32507937514234
	17.89760249974842 -1.8358075427985319 9.322422765816295
	17.870979459350007 -1.840407222591028 9.319752598312181
	17.844392054683645 -1.845008028580955 9.317068809391735
	17.817840240303244 -1.8496099628963898 9.314371335110218
	17.7913239704718 -1.8542130277404112 9.311660110806548
	17.764843199158502 -1.8588172253922237 9.308935071095574
	17.73839788003734 -1.8634225582080275 9.306196149857756
	17.711987966483797 -1.868029028622238 9.303443280230612
	17.685613411572586 -1.8726366391485234 9.300676394599222
	17.659274168077182 -1.8772453923805397 9.29789542458674
	17.6329701884647 -1.8818552909934936 9.29510030104454
	17.606701424896784 -1.886466337744651 9.292290954042848
	17.58046782922412 -1.8910785354749824 9.289467312860257
	17.5542693529863 -1.8956918871098722 9.286629305974653
	17.528105947408243 -1.9003063956604462 9.283776861051972
	17.501977563399866 -1.9049220642243287 9.280909904936575
	17.475884151549884 -1.9095388959874537 9.27802836364039
	17.449825662127143 -1.914156894224549 9.275132162333014
	17.423802045076684 -1.918776062300563 9.272221225329853
	17.397813250016505 -1.9233964036719775 9.269295476082178
	17.37185922623646 -1.9280179218877536 9.266354837165741
	17.345939922694896 -1.9326406205906845 9.263399230269437
	17.320055288016885 -1.9372645035184795 9.26042857618425
	17.29420527049053 -1.941889574505197 9.257442794791487
	17.26838981806537 -1.9465158374823166 9.254441805050929
	17.242608878349355 -1.9511432964800772 9.251425524989871
	17.216862398607212 -1.9557719556285695 9.248393871689878
	17.191150325755693 -1.9604018191594121 9.245346761275677
	17.165472606362904 -1.96503289140669 9.242284108901895
	17.13982918664543 -1.9696651768083129 9.23920582874167
	17.114220012464113 -1.9742986799076168 9.236111833972851
	17.088645029323445 -1.9789334053543355 9.23300203676564
	17.0631041823667 -1.9835693579063451 9.229876348269556
	17.0375974163757 -1.988206542430582 9.226734678600575
	17.012124675765037 -1.9928449639049814 9.223576936826534
	16.98668590458241 -1.9974846274193154 9.220403030954888
	16.961281046502627 -2.002125538177195 9.217212867918128
	16.935910044827047 -2.006767701497093 9.214006353560064
	16.910572842481354 -2.0114111228136804 9.210783392621467
	16.885269382008925 -2.0160558076799906 9.207543888726
	16.85999960557167 -2.0207017617682164 9.204287744365251
	16.83476345494621 -2.025348990871378 9.201014860884017
	16.809560871518777 -2.029997500905247 9.197725138466167
	16.78439179628548 -2.034647297909281 9.194418476117395
	16.75925616984735 -2.0392983880485493 9.191094771652432
	16.734153932406684 -2.0439507776154207 9.187753921677404
	16.709085023766306 -2.048604473030729 9.184395821574453
	16.68404938332381 -2.0532594808458864 9.181020365486416
	16.65904695007107 -2.0579158077440227 9.177627446299695
	16.63407766258852 -2.0625734605421258 9.174216955627745
	16.609141459044015 -2.067232446192328 9.170788783795086
	16.58423827718919 -2.0718927717836837 9.167342819819211
	16.55936805435459 -2.076554444544188 9.163878951394201
	16.534530727449205 -2.0812174718419847 9.160397064872834
	16.509726232954996 -2.0858818611875307 9.156897045248938
	16.48495450692472 -2.0905476202351574 9.153378776139435
	16.460215484977805 -2.0952147567850057 9.14984213976594
	16.435509102298365 -2.099883278784584 9.146287016936753
	16.41083529362961 -2.10455319433102 9.14271328702712
	16.386193993273235 -2.1092245116723785 9.139120827961413
	16.361585135083022 -2.1138972392101065 9.135509516193112
	16.33700865246437 -2.1185713855003567 9.131879226685207
	16.312464478368113 -2.123246959256419 9.128229832890618
	16.287952545288835 -2.127923969350315 9.124561206732242
	16.263472785261165 -2.1326024248147895 9.120873218581929
	16.239025129854703 -2.1372823348455836 9.11716573724057
	16.214609510171783 -2.1419637088031864 9.113438629916079
	16.190225856844563 -2.1466465562147254 9.109691762203797
	16.165874100029164 -2.151330886776447 9.105924998062811
	16.14155416940364 -2.156016710355482 9.102138199795613
	16.11726599416425 -2.1607040369919446 9.09833122802541
	16.09300950302091 -2.1653928769012225 9.094503941673755
	16.068784624193277 -2.1700832404761567 9.090656197937298
	16.044591285408753 -2.1747751382888683 9.08678785226506
	16.02042941389654 -2.1794685810933734 9.082898758335075
	15.996298936384788 -2.184163579827619 9.078988768029948
	15.972199779096849 -2.188860145615705 9.075057731413503
	15.948131867747337 -2.1935582897701726 9.071105496705872
	15.924095127536214 -2.1982580237947005 9.067131910258713
	15.900089483149614 -2.2029593593854915 9.063136816529733
	15.876114858749954 -2.207662308434794 9.05912005805857
	15.8521711779756 -2.212366883032564 9.055081475438369
	15.828258363937378 -2.217073095468764 9.051020907292404
	15.804376339210721 -2.2217809582365544 9.046938190245289
	15.780525025835438 -2.226490484033994 9.042833158896885
	15.756704345308865 -2.231201685767079 9.038705645795519
	15.732914218584227 -2.2359145765517665 9.03455548140861
	15.709154566063626 -2.2406291697170944 9.030382494096266
	15.68542530759564 -2.245345478807402 9.026186510081617
	15.661726362470173 -2.2500635175851293 9.021967353422797
	15.638057649415327 -2.254783300033231 9.017724845982265
	15.614419086591301 -2.2595048403582134 9.01345880739873
	15.590810591587905 -2.2642281529924726 9.009169055056002
	15.567232081417941 -2.268953252597485 9.004855404052314
	15.543683472515035 -2.2736801540661338 9.000517667170058
	15.520164680728007 -2.278408872525752 8.996155654843815
	15.496675621315227 -2.2831394233412037 8.9917691751284
	15.473216208943452 -2.2878718221170784 8.9873580336675
	15.449786357679121 -2.2926060847014473 8.982922033659563
	15.42638598098724 -2.2973422271881008 8.978460975825653
	15.403014991724193 -2.3020802659200568 8.973974658375562
	15.379673302134323 -2.306820217492323 8.969462876973338
	15.356360823845934 -2.311562098754809 8.964925424703107
	15.333077467864753 -2.31630592681579 8.960362092034103
	15.309823144570332 -2.3210517190447932 8.955772666784659
	15.286597763709926 -2.3257994930760395 8.951156934086557
	15.263401234397021 -2.3305492668109524 8.946514676348578
	15.24023346510211 -2.335301058422299 8.941845673219389
	15.217094363650896 -2.3400548863568322 8.937149701549924
	15.193983837216978 -2.344810769339104 8.932426535355411
	15.17090179232005 -2.3495687263741662 8.927675945777382
	15.147848134817513 -2.3543287767516783 8.92289770104345
	15.12482276990185 -2.3590909400488447 8.91809156642924
	15.101825602093738 -2.363855236134277 8.913257304217163
	15.078856535238671 -2.368621685171162 8.908394673656266
	15.055915472500892 -2.37339030762102 8.903503430920969
	15.03300231635817 -2.378161124247326 8.898583329069368
	15.01011696859597 -2.382934156119299 8.893634118000993
	14.987259330305028 -2.3877094246150046 8.888655544413975
	14.964429301871801 -2.3924869514259997 8.883647351761073
	14.94162678297701 -2.3972667585603107 8.878609280207328
	14.918851672587756 -2.402048868346803 8.873541066583668
	14.896103868954066 -2.4068333034386558 8.868442444342657
	14.873383269601126 -2.4116200868177886 8.863313143513313
	14.850689771327268 -2.4164092417981116 8.858152890653274
	14.828023270193675 -2.421200792030573 8.852961408803484
	14.805383661524989 -2.4259947615059283 8.847738417440311
	14.782770839897964 -2.430791174560102 8.84248363242646
	14.760184699139192 -2.4355900558776544 8.837196765963379
	14.737625132318994 -2.440391430496113 8.831877526541719
	14.71509203174567 -2.4451953238102706 8.826525618891127
	14.69258528895893 -2.4500017615767034 8.82114074392935
	14.670104794725932 -2.454810769917779 8.815722598712025
	14.647650439032901 -2.459622375326658 8.810270876379574
	14.625222111083778 -2.4644366046708286 8.804785266106222
	14.60281969928951 -2.4692534851977093 8.799265453044832
	14.580443091265296 -2.474073044538583 8.793711118275017
	14.558092173823095 -2.478895310713606 8.788121938748414
	14.535766832968797 -2.48372031213585 8.782497587231438
	14.513466953891282 -2.488548077617167 8.77683773225293
	14.491192420960846 -2.4933786363720647 8.771142038045191
	14.468943117721729 -2.4982120180229166 8.765410164487575
	14.446718926885433 -2.503048252605055 8.759641767048766
	14.424519730326155 -2.5078873705714613 8.753836496729074
	14.402345409073568 -2.5127294027980867 8.747993999999368
	14.380195843305994 -2.517574380589147 8.742113918743664
	14.358070912348223 -2.522422335681448 8.736195890196841
	14.335970494659833 -2.5272733002508696 8.730239546884059
	14.31389446783385 -2.532127306916618 8.724244516559358
	14.2918427085864 -2.536984388747542 8.718210422141663
	14.269815092755533 -2.5418445792664626 8.712136881653981
	14.247811495290083 -2.5467079124567906 8.70602350815666
	14.22583179024567 -2.5515744227676125 8.699869909684963
	14.203875850778497 -2.5564441451193334 8.693675689182506
	14.181943549140577 -2.5613171149090594 8.687440444436199
	14.160034756668432 -2.5661933680175224 8.681163768007865
	14.138149343782565 -2.5710729408136417 8.67484524716949
	14.116287179977693 -2.575955870161234 8.668484463832693
	14.094448133817579 -2.580842193424764 8.662080994481338
	14.072632072927915 -2.585731948475598 8.655634410101584
	14.050838863991224 -2.5906251736978763 8.64914427611164
	14.029068372738815 -2.5955219079951255 8.642610152292296
	14.007320463944733 -2.600422190796495 8.636031592713186
	13.985595001422807 -2.6053260620623595 8.629408145662783
	13.963891848011848 -2.6102335622927035 8.622739353574502
	13.942210865579975 -2.6151447325312156 8.616024752953505
	13.920551915009945 -2.6200596143738046 8.609263874302602
	13.898914856194622 -2.624978249974878 8.602456242048143
	13.877299548033648 -2.6299006820534254 8.595601374463142
	13.855705848423518 -2.634826953900695 8.588698783593285
	13.83413361425131 -2.639757109387129 8.581747975178851
	13.812582701391241 -2.6446911929687165 8.574748448578525
	13.7910529646939 -2.649629249695136 8.567699696690779
	13.769544257983119 -2.654571325216222 8.56060120587571
	13.748056434047955 -2.6595174657896465 8.553452455877649
	13.726589344636528 -2.6644677182882703 8.546252919743502
	13.70514284044965 -2.6694221302076344 8.539002063742775
	13.68371677113372 -2.674380749673715 8.531699347290939
	13.662310985276202 -2.679343625450182 8.524344222862988
	13.640925330395318 -2.6843108069470984 8.516936135915302
	13.619559652938326 -2.6892823442277174 8.509474524803721
	13.59821379827221 -2.6942582880171577 8.501958820699366
	13.57688761067722 -2.699238689710517 8.494388447508209
	13.555580933341425 -2.7042236013808525 8.486762821786181
	13.534293608355028 -2.7092130757873205 8.479081352655685
	13.513025476701609 -2.714207166384163 8.471343441722901
	13.49177637825483 -2.7192059273284963 8.463548482993042
	13.470546151768218 -2.7242094134898776 8.455695862785902
	13.449334634875187 -2.7292176804575257 8.447784959651099
	13.428141664075033 -2.734230784551029 8.439815144282873
	13.406967074732481 -2.73924878282792 8.431785779436273
	13.385810701069653 -2.7442717330931896 8.423696219840744
	13.36467237616051 -2.7492996939083323 8.415545812114997
	13.343551931923223 -2.754332724601019 8.407333894682019
	13.322449199115686 -2.7593708852741354 8.399059797684624
	13.301364007329987 -2.764414236815209 8.390722842897262
	13.280296184984167 -2.7694628409066193 8.382322343644198
	13.259245559319233 -2.7745167600346745 8.373857604712066
	13.238211956391757 -2.779576057499895 8.365327922265724
	13.217195201068368 -2.7846407974269787 8.35673258376417
	13.196195117018979 -2.789711044775219 8.348070867873705
	13.175211526716176 -2.794786865347554 8.339342044388406
	13.154244251420762 -2.7998683258031676 8.330545374140742
	13.13329311118644 -2.804955493665533 8.321680108922415
	13.112357924846807 -2.8100484373349652 8.312745491402703
	13.091438510013315 -2.815147226098627 8.303740755040302
	13.07053468307203 -2.820251930140984 8.294665124009596
	13.049646259173093 -2.825362620556238 8.285517813114888
	13.028773052231612 -2.8304793693580845 8.276298027712219
	13.007914874919033 -2.8356022494920023 8.267004963631502
	12.987071538661398 -2.840731334845998 8.257637807097364
	12.966242853630291 -2.8458667002633593 8.248195734652997
	12.945428628743885 -2.8510084215530456 8.238677913084851
	12.924628671659267 -2.8561565755024505 8.229083499347464
	12.903842788767879 -2.8613112398895675 8.219411640492954
	12.883070785193874 -2.8664724934946024 8.209661473596515
	12.862312464788381 -2.8716404161128164 8.199832125689092
	12.84156763012546 -2.8768150885671244 8.189922713688128
	12.820836082501524 -2.8819965927200224 8.179932344333604
	12.800117621927454 -2.887185011487562 8.16986011411831
	12.779412047128815 -2.8923804288514767 8.15970510923344
	12.758719155541936 -2.8975829298725624 8.149466405502418
	12.738038743309936 -2.9027926007042875 8.139143068326163
	12.717370605281314 -2.9080095286059655 8.128734152627077
	12.696714535007699 -2.913233801956353 8.118238702796381
	12.676070324740174 -2.918465510267848 8.107655752645648
	12.655437765428289 -2.9237047442002164 8.096984325358186
	12.6348166467185 -2.928951595574704 8.086223433447337
	12.614206756952216 -2.934206157388476 8.075372078712453
	12.593607883164106 -2.9394685238292437 8.064429252206185
	12.573019811081231 -2.9447387902899105 8.053393934199654
	12.552442325123778 -2.950017053383052 8.042265094147506
	12.531875208401015 -2.9553034109569003 8.031041690672398
	12.511318242715564 -2.9605979621094103 8.019722671532687
	12.490771208560059 -2.9659008072045805 8.00830697361221
	12.470233885118942 -2.971212047887699 7.99679352290409
	12.449706050268908 -2.976531787101213 7.985181234503839
	12.429187480579943 -2.981860129100721 7.973469012606181
	12.408677951316847 -2.9871971794711203 7.961655750506988
	12.388177236440834 -2.9925430451430213 7.949740330609198
	12.367685108609992 -2.9978978344097627 7.937721624440338
	12.347201339186409 -3.003261656942942 7.925598492663548
	12.3267256982336 -3.008634623810842 7.91336978511384
	12.306257954522327 -3.0140168474949287 7.901034340816796
	12.285797875535657 -3.0194084419068576 7.888590988037611
	12.265345227468725 -3.024809522407235 7.876038544318323
	12.244899775237757 -3.0302202058222067 7.863375816535647
	12.224461282483889 -3.0356406104617815 7.850601600953425
	12.204029511575921 -3.0410708561387882 7.83771468329883
	12.183604223619385 -3.046511064186469 7.824713838829763
	12.163185178462427 -3.051961357477277 7.811597832421545
	12.142772134702028 -3.057421860441949 7.7983654186604445
	12.122364849690692 -3.0628926990888177 7.785015341939977
	12.101963079547273 -3.0683740010223564 7.771546336576028
	12.081566579162157 -3.0738658954636517 7.757957126925032
	12.061175102210571 -3.079368513269027 7.744246427510048
	12.040788401156947 -3.0848819869515234 7.730412943166583
	12.020406227270525 -3.0904064506996756 7.716455369187235
	12.000028330635637 -3.095942040398163 7.702372391486753
	11.979654460157727 -3.10148889365006 7.688162686772601
	11.95928436358497 -3.107047149795172 7.673824922726147
	11.938917787514564 -3.1126169499330625 7.659357758206646
	11.918554477408536 -3.118198436943868 7.6447598434484565
	11.898194177608461 -3.123791755509856 7.6300298202912
	11.877836631352755 -3.1293970521367127 7.61516632240672
	11.857481580787882 -3.135014475177005 7.600167975550799
	11.837128766991485 -3.1406441748507397 7.585033397822103
	11.816777929985646 -3.146286303269202 7.569761199935694
	11.796428808757105 -3.1519410144572984 7.55434998551494
	11.776081141277992 -3.1576084643762403 7.53879835139772
	11.755734664522748 -3.163288810947836 7.523104887949049
	11.735389114495671 -3.1689822140762347 7.507268179404661
	11.715044226246272 -3.174688835673694 7.491286804215814
	11.694699733898233 -3.1804088396829733 7.475159335426722
	11.67435537067066 -3.186142392102471 7.45888434104388
	11.654010868905988 -3.191889661010001 7.4424603844551305
	11.633665960092364 -3.197650816588719 7.425886024838096
	11.613320374897794 -3.2034260311501996 7.409159817599912
	11.592973843192967 -3.2092154791613874 7.392280314839058
	11.572626094084567 -3.215019337269071 7.3752460658093355
	11.552276855945289 -3.220837784325923 7.358055617426883
	11.53192585644597 -3.2266710014165194 7.340707514769826
	11.51157282259246 -3.2325191718825823 7.3232003016252145
	11.491217480755285 -3.238382481350975 7.30553252102837
	11.470859556711051 -3.24426111775887 7.287702715850249
	11.450498775677609 -3.2501552713813964 7.2697094293804545
	11.430134862353832 -3.2560651348585936 7.251551205951022
	11.409767540960269 -3.2619909032227627 7.2332265915730325
	11.389396535282694 -3.2679327739256316 7.214734134585524
	11.369021568712348 -3.2738909468672075 7.196072386354181
	11.34864236429576 -3.2798656244224462 7.177239901957412
	11.328258644778249 -3.285857011470545 7.158235240925416
	11.307870132654733 -3.2918653154227435 7.134501418613
	11.287476550218152 -3.2978907462515914 7.094220109190991
	11.26707761961193 -3.3039335165197348 7.053629845947109
	11.246673062887146 -3.309993841408017 7.012732509416773
	11.226262602053357 -3.316071938746295 6.971529996368006
	11.205845959136228 -3.3221680290429645 6.930024219714097
	11.185422856245498 -3.3282823355120756 6.888217108425383
	11.164993015624564 -3.334415084106933 6.846110607438684
	11.144556159721358 -3.34056650354794 6.8037066775701645
	11.124112011253931 -3.3467368253528966 6.76100729542098
	11.103660293274341 -3.3529262838686718 6.718014453287758
	11.08320072924364 -3.3591351163002665 6.674730159069998
	11.06273304310039 -3.3653635627427567 6.6311564361750746
	11.042256959335337 -3.3716118662122017 6.587295323425623
	11.021772203070702 -3.3778802726759656 6.5431488749641105
	11.001278500138264 -3.3841690310843267 6.498719160156461
	10.980775577161113 -3.390478393401836 6.454008263495174
	10.96026316163779 -3.3968086146388385 6.40901828450385
	10.939740982028619 -3.403159952883242 6.363751337636347
	10.919208767847712 -3.4095326693313988 6.3182095521791215
	10.898666249752882 -3.4159270283206316 6.272395072151311
	10.878113159640943 -3.4223432973609866 6.226310056204107
	10.857549230746427 -3.428781747166873 6.179956677518243
	10.83697419774411 -3.4352426516884442 6.133337123704084
	10.816387796847176 -3.4417262881454103 6.086453596695787
	10.795789765920775 -3.448232937056847 6.0393083126510065
	10.775179844587392 -3.454762882274694 5.991903501842103
	10.754557774341459 -3.46131641101526 5.944241408555535
	10.733923298666896 -3.4678938138908046 5.896324290982249
	10.713276163152107 -3.4744953849430167 5.848154421112492
	10.692616115621638 -3.4811214216720243 5.799734084628593
	10.671942906251736 -3.487772225071823 5.751065580796191
	10.651256287707993 -3.4944480996594436 5.70215122235462
	10.630556015280648 -3.5011493535059395 5.6529933354091995
	10.609841847010415 -3.5078762982716842 5.603594259318313
	10.589113543843615 -3.5146292492328985 5.55395634658482
	10.568370869767293 -3.5214085253160112 5.504081962742528
	10.547613591960806 -3.528214449127584 5.453973486243673
	10.526841480950125 -3.535047346984403 5.403633308346522
	10.506054310762094 -3.5419075489447103 5.353063833001149
	10.485251859086155 -3.5487953888379997 5.302267476735003
	10.464433907439757 -3.555711204294673 5.251246668537006
	10.443600241335865 -3.562655336776092 5.200003849741832
	10.422750650460689 -3.5696281316022223 5.148541473913102
	10.401884928846119 -3.576629937982234 5.09686200672764
	10.381002875056492 -3.583661109041249 5.044967925854531
	10.360104292373554 -3.5907220018488206 4.992861720839011
	10.339188988992056 -3.5978129774448075 4.940545892981806
	10.318256778206855 -3.604934400869351 4.888022955220844
	10.297307478627516 -3.6120866411842467 4.835295432007858
	10.276340914373879 -3.619270071502139 4.782365859189844
	10.25535691529221 -3.626485069009506 4.729236783886776
	10.234355317169864 -3.633732014991235 4.675910764366846
	10.213335961956501 -3.641011294853924 4.622390369927314
	10.192298697992642 -3.648323298147582 4.568678180767143
	10.171243380238582 -3.6556684185882347 4.514776787865051
	10.150169870514851 -3.6630470540773605 4.460688792853473
	10.12907803773906 -3.670459606723648 4.406416807894072
	10.107967758181015 -3.6779064828590395 4.3519634555498605
	10.086838915714088 -3.685388093057082 4.297331368661845
	10.065691402066168 -3.6929048521523926 4.242523190217384
	10.044525117100797 -3.700457179249828 4.187541573226831
	10.023339969070886 -3.708045497744683 4.132389180592097
	10.002135874906287 -3.7156702353311353 4.07706868497922
	9.980912760490646 -3.7233318240154487 4.0215827686882415
	9.959670560951306 -3.7310307001250447 3.9659341235244145
	9.938409220953192 -3.738767304316761 3.910125450665402
	9.917128694998636 -3.7465420815835158 3.8541594605329155
	9.895828947731083 -3.754355481260119 3.7980388726595975
	9.874509954253838 -3.762207957023858 3.741766415556073
	9.853171700436459 -3.7700999669003448 3.6853448265818307
	9.831814183255664 -3.778031973256469 3.6287768518072454
	9.81043741110707 -3.7860044428050195 3.572065245884347
	9.789041404158002 -3.7940178465936354 3.5152127719104684
	9.767626194679133 -3.802072660002229 3.4582222012932022
	9.746191827401884 -3.810169362730456 3.4010963136175114
	9.724738359863615 -3.818308438790048 3.3438378965080413
	9.703265862781926 -3.826490376485597 3.286449745495417
	9.681774420411234 -3.8347156684022248 3.228934663875745
	9.660264130921185 -3.8429848113843454 3.171295462579926
	9.638735106778658 -3.8512983065126187 3.1135349600302273
	9.617187475127402 -3.8596566590814194 3.0556559820050078
	9.595621378187086 -3.8680603785678906 2.997661361502577
	9.574036973649362 -3.87650997860148 2.939553938599156
	9.552434435077389 -3.8850059769312804 2.8813365603107
	9.530813952324122 -3.8935488953846824 2.8230120804549603
	9.50917573194071 -3.9021392598289903 2.764583359510725
	9.487519997603403 -3.910777600124118 2.706053264475987
	9.465846990538491 -3.919464450074661 2.647424668730608
	9.444156969951678 -3.9282003473785627 2.588700451891663
	9.422450213476875 -3.9369858335657812 2.529883499675358
	9.400727017605671 -3.9458214539432097 2.4709767037522057
	9.378987698148102 -3.954707757524151 2.4119829616071176
	9.357232590677553 -3.963645296962194 2.3529051763957773
	9.335462050994938 -3.9726346284742693 2.293746256801976
	9.313676455589196 -3.9816763117624876 2.2345091168954627
	9.291876202102763 -3.9907709099308284 2.1751966759858616
	9.270061709805997 -3.9999189893946516 2.1158118584815866
	9.248233420074682 -4.00912111978532 2.0563575937445386
	9.22639179686049 -4.018377873854192 1.9968368159446956
	9.204537327183347 -4.027689827362847 1.9372524639167743
	9.182670521609015 -4.037057558975556 1.8776074810146723
	9.160791914748694 -4.046481650137213 1.8179048149662225
	9.13890206573173 -4.055962684958529 1.7581474177255358
	9.117001558718625 -4.065501250077649 1.6983382453309916
	9.095091003382713 -4.075097934530435 1.638480257755294
	9.07317103540887 -4.08475332960707 1.5785764187615412
	9.051242316997286 -4.094468028699957 1.5186296957536634
	9.029305537348963 -4.104242627153475 1.458643059633004
	9.007361413178366 -4.114077722093983 1.3986194846486069
	8.985410689195554 -4.1239739122667185 1.3788300995168532
	8.963454138618046 -4.133931797850768 1.2801300026305689
	8.941492563650616 -4.143951980281007 1.2550294143436949
	8.919526795993338 -4.154035062047796 1.2299288260568209
	8.897557697319698 -4.16418164650189 1.204828237769947
	8.875586159772867 -4.174392337640927 1.179727649483073
	8.853613106448861 -4.184667739892101 1.154627061196199
	8.831639491865669 -4.195008457891222 1.129526472909325
	8.809666302456282 -4.205415096238705 1.104425884622451
	8.787694557019732 -4.215888259264809 1.079325296335577
	8.765725307197247 -4.226428550770096 1.054224708048703
	8.739229963898271 -4.2393755928616255 1.029124119761829
	8.696646132626736 -4.260816995652848 1.004023531474955
	8.654337627591069 -4.2823699187133855 0.9789229431880812
	8.612306688914284 -4.304034760526037 0.9538223549012073
	8.570555543884451 -4.3258119089033045 0.9287217666143334
	8.529086406837337 -4.347701740617454 0.9036211783274596
	8.487901479039586 -4.369704621025342 0.8785205900405857
	8.447002948571116 -4.391820903688812 0.8534200017537118
	8.406392990212089 -4.414050929987869 0.8283194134668379
	8.366073765324575 -4.43639502873219 0.803218825179964
	8.326047421740117 -4.458853515764928 0.7781182368930901
	8.286316093645743 -4.481426693563057 0.7530176486062163
	8.246881901469335 -4.504114850834015 0.7279170603193424
	8.207746951768414 -4.526918262106428 0.7028164720324686
	8.168913337117814 -4.549837187317723 0.6777158837455947
	8.130383135997908 -4.57287187139789 0.6526152954587208
	8.092158412683803 -4.5960225438493705 0.6275147071718469
	8.054241217136905 -4.619289418322358 0.6024141188849731
	8.016633584893535 -4.642672692189137 0.5773135305980992
	7.979337536957372 -4.666172546113418 0.5522129423112253
	7.942355079691418 -4.689789143617672 0.5271123540243514
	7.905688204710694 -4.713522630647958 0.5020117657374775
	7.869338888774823 -4.737373135137144 0.47691117745060363
	7.833309093683811 -4.761340766564549 0.4518105891637298
	7.797600766170731 -4.785425615516635 0.4267100008768559
	7.7622158377997055 -4.809627753243302 0.401609412589982
	7.727156224859055 -4.833947231217223 0.37650882430310817
	7.692423828261514 -4.85838408068815 0.3514082360162343
	7.658020533439354 -4.882938312241266 0.3263076477293604
	7.623948210243876 -4.9076099153531745 0.30120705944248655
	7.590208712844705 -4.932398857949227 0.27610647115561265
	7.5568038796292685 -4.9573050859623455 0.25100588286873876
	7.523735533103028 -4.982328522893411 0.2259052945818649
	7.491005479792079 -5.00746906937232 0.200804706294991
	7.458615510143697 -5.032726602723726 0.17570411800811714
	7.426567398430802 -5.0581009765331615 0.15060352972124327
	7.394862902654542 -5.083592020218688 0.12550294143436938
	7.363503764448773 -5.1091995386056 0.10040235314749552
	7.332491708985743 -5.134923311505143 0.07530176486062165
	7.301828444881922 -5.160763093298755 0.05020117657374776
	7.271515664104855 -5.186718612527575 0.02510058828687388
