 944
	32.755880044704426 0.0 7.080793134725388
	32.71243228723819 -0.003969623344194491 7.080871241720308
	32.66902875713214 -0.007940416917248928 7.08094215045147
	32.62566945309253 -0.011912378766645889 7.081005860411672
	32.58235437382063 -0.01588550692819357 7.081062371089905
	32.539083518012454 -0.01985979942605905 7.0811116819726685
	32.495856884358965 -0.023835254272690263 7.081153792543309
	32.45267447154582 -0.027811869468782585 7.081188702281459
	32.40953627825355 -0.03178964300321836 7.0812164106643225
	32.36644230315746 -0.03576857285303924 7.081236917165019
	32.32339254492745 -0.03974865698342227 7.081250221254093
	32.28038700222827 -0.04372989334761397 7.081256322397946
	32.23742567371933 -0.04771227988687489 7.081255220060737
	32.19450855805469 -0.05169581453047897 7.081246913702564
	32.151635653883 -0.05568049519563849 7.081231402780823
	32.10880695984753 -0.05966631978747661 7.081208686748727
	32.06602247458623 -0.06365328619896529 7.081178765056655
	32.02328219673144 -0.06764139231091962 7.081141637151425
	31.98058612491013 -0.07163063599191806 7.081097302476676
	31.937934257743745 -0.07562101509827741 7.081045760471908
	31.895326593848235 -0.07961252747399963 7.080987010573995
	31.852763131833967 -0.08360517095074758 7.080921052215538
	31.810243870305698 -0.08759894334778529 7.080847884826199
	31.767768807862627 -0.09159384247193562 7.080767507831625
	31.725337943098292 -0.095589866117544 7.08067992065444
	31.682951274600587 -0.09958701206643138 7.080585122713179
	31.640608800951682 -0.10358527808785188 7.08048311342279
	31.59831052072809 -0.10758466193844282 7.080373892194895
	31.55605643250048 -0.1115851613621982 7.080257458437189
	31.513846534833885 -0.11558677409039755 7.080133811553932
	31.471680826287333 -0.11958949784159958 7.080002950945244
	31.429559305414237 -0.12359333032155168 7.079864876007506
	31.38748197076198 -0.12759826922319248 7.0797195861339
	31.345448820872214 -0.1316043122265656 7.079567080713437
	31.3034598542805 -0.13561145699881785 7.079407359131237
	31.26151506951654 -0.1396197011941195 7.0792404207686985
	31.21961446510411 -0.14362904245363128 7.079066265003291
	31.177758039560867 -0.14763947840547248 7.078884891208418
	31.13594579139848 -0.15165100666466158 7.078696298754186
	31.094177719122627 -0.15566362483306753 7.078500487005862
	31.052453821232692 -0.15967733049939395 7.078297455325408
	31.01077409622218 -0.16369212123909044 7.078087203070408
	30.96913854257825 -0.1677079946143478 7.077869729594617
	30.9275471587819 -0.17172494817403605 7.077645034247665
	30.885999943308033 -0.17574297945364606 7.0774131163751
	30.844496894625152 -0.17976208597527502 7.077173975318251
	30.80303801119555 -0.1837822652475559 7.076927610414581
	30.761623291475203 -0.1878035147656219 7.076674020996978
	30.72025273391374 -0.19182583201106138 7.07641320639467
	30.678926336954344 -0.19584921445187625 7.076145165931838
	30.63764409903396 -0.19987365954241662 7.07586989892936
	30.596406018582908 -0.20389916472336697 7.075587404702967
	30.55521209402514 -0.20792572742167392 7.075297682564712
	30.51406232377807 -0.21195334505051316 7.075000731822099
	30.472956706252575 -0.21598201500924025 7.0746965517782305
	30.43189523985296 -0.22001173468334648 7.074385141731513
	30.39087792297695 -0.22404250144440802 7.074066500976256
	30.3499047540156 -0.2280743126500478 7.073740628802478
	30.308975731353325 -0.2321071656438814 7.0734075244952965
	30.268090853367767 -0.23614105775548122 7.0730671873353534
	30.22725011842991 -0.24017598630031622 7.072719616599128
	30.186453524904 -0.2442119485797103 7.072364811557895
	30.145701071147304 -0.2482489418808143 7.072002771478817
	30.104992755510416 -0.2522869634765281 7.071633495624333
	30.064328576336983 -0.2563260106254768 7.071256983251776
	30.023708531963763 -0.260366080571955 7.070873233614309
	29.983132620720504 -0.2644071705458893 7.070482245959986
	29.94260084093014 -0.26844927776276745 7.0700840195323105
	29.90211319090835 -0.27249239942363307 7.069678553569638
	29.861669668963952 -0.2765365327149948 7.069265847305833
	29.821270273398614 -0.2805816748088057 7.06884589996969
	29.78091500250681 -0.2846278228624167 7.0684187107850756
	29.740603854576012 -0.2886749740185065 7.0679842789710055
	29.70033682788635 -0.292723125405065 7.067542603741469
	29.660113920710735 -0.29677227413533036 7.067093684305452
	29.619935131314882 -0.3008224173077351 7.066637519866815
	29.579800457957223 -0.30487355200586447 7.066174109624213
	29.53970989888862 -0.308925675298434 7.065703452771526
	29.499663452352838 -0.31297878423919046 7.065225548497188
	29.45966111658607 -0.31703287586690854 7.064740395984645
	29.419702889817 -0.3210879472053332 7.06424799441177
	29.37978877026701 -0.3251439952631077 7.063748342951513
	29.339918756149704 -0.3292010170337694 7.0632414407714235
	29.30009284567129 -0.3332590094956603 7.0627272870334
	29.2603110370303 -0.33731796961190263 7.062205880894396
	29.22057332841756 -0.3413778943303513 7.061677221505987
	29.18087971801633 -0.3454387805835275 7.061141308013859
	29.141230204001985 -0.34950062528859843 7.060598139558252
	29.101624784542253 -0.3535634253473022 7.060047715274362
	29.062063457797002 -0.35762717764591667 7.059490034291168
	29.02254622191821 -0.3616918790552103 7.05892509573266
	28.983073075049987 -0.3657575264303885 7.058352898716547
	28.943644015328534 -0.36982411661104436 7.057773442355357
	28.904259040882124 -0.3738916464211093 7.057186725755737
	28.864918149830785 -0.37796011266883267 7.056592748018415
	28.82562134028677 -0.3820295121466804 7.055991508238326
	28.786368610354085 -0.3860998416313313 7.055383005504858
	28.747159958128524 -0.3901710978836216 7.054767238901015
	28.707995381697874 -0.39424327764846984 7.054144207504221
	28.668874879141562 -0.39831637765486094 7.053513910385896
	28.629798448530817 -0.40239039461577647 7.05287634661121
	28.590766087928404 -0.40646532522816997 7.052231515239654
	28.551777795388933 -0.4105411661728807 7.051579415324163
	28.51283356895852 -0.4146179141146161 7.050920045911728
	28.47393340667476 -0.41869556570190275 7.050253406043218
	28.435077306566914 -0.42277411756701105 7.049579494753224
	28.39626526665548 -0.42685356632594956 7.04889831106978
	28.357497284952668 -0.4309339085783594 7.048209854015155
	28.31877335946185 -0.43501514090752025 7.047514122604644
	28.28009348817771 -0.4390972598802808 7.046811115847603
	28.2414576690864 -0.44318026204698757 7.046100832746586
	28.202865900165072 -0.447264143941483 7.0453832722977126
	28.16431817938233 -0.45134890208100037 7.044658433490629
	28.125814504697676 -0.4554345329661735 7.043926315308366
	28.08735487406184 -0.4595210330809426 7.043186916727239
	28.048939285416633 -0.46360839889252126 7.0424402367168355
	28.010567736694696 -0.46769662685136526 7.041686274240174
	27.972240225819856 -0.4717857133910824 7.04092502825319
	27.933956750706646 -0.4758756549284294 7.040156497705282
	27.895717309260615 -0.47996644786322573 7.0393806815386215
	27.857521899377968 -0.48405808857833565 7.038597578688695
	27.81937051894579 -0.4881505734395926 7.037807188083951
	27.781263165841853 -0.49224389879576336 7.037009508645625
	27.743199837934547 -0.4963380609785042 7.036204539288089
	27.7051805330829 -0.5004330563023008 7.035392278918283
	27.66720524913649 -0.5045288810644262 7.034572726436321
	27.62927398393548 -0.5086255315448809 7.033745880734578
	27.591386735310333 -0.512723004006371 7.032911740698591
	27.55354350108211 -0.5168212946942194 7.032070305206379
	27.515744279062055 -0.5209203998363577 7.031221573128344
	27.477989067051915 -0.5250203156432371 7.03036554332761
	27.440277862843423 -0.5291210383078282 7.02950221465987
	27.402610664218802 -0.533222564005514 7.028631585972969
	27.36498746895025 -0.5373248888940892 7.0277536561073175
	27.32740827480002 -0.541428009113698 7.026868423895554
	27.289873079520618 -0.5455319207867579 7.025975888162699
	27.252381880854298 -0.5496366200179589 7.025076047725721
	27.214934676533456 -0.5537421028941668 7.024168901394123
	27.177531464280175 -0.557848365484419 7.023254447969002
	27.1401722418065 -0.5619554038398364 7.022332686243864
	27.10285700681422 -0.5660632139935954 7.02140361500406
	27.06558575699479 -0.5701717919608815 7.02046723302677
	27.028358490029383 -0.574281133738827 7.019523539081059
	26.991175203588732 -0.5783912353064752 7.018572531927852
	26.95403589533312 -0.5825020926247251 7.017614210319869
	26.91694056291242 -0.5866137016362732 7.016648573001179
	26.8798892039657 -0.5907260582656019 7.015675618707843
	26.842881816121704 -0.5948391584188707 7.014695346167148
	26.805918396998223 -0.5989529979839323 7.013707754098093
	26.768998944202476 -0.6030675728302343 7.012712841210955
	26.732123455330875 -0.6071828788087904 7.011710606207356
	26.695291927968825 -0.6112989117521471 7.010701047780282
	26.658504359691005 -0.6154156674743003 7.009684164613903
	26.62176074806098 -0.6195331417706796 7.0086599553835764
	26.585061090631335 -0.6236513304180802 7.0076284187557505
	26.548405384943543 -0.627770229174624 7.006589553387845
	26.51179362852795 -0.6318898337797033 7.005543357928415
	26.475225818903592 -0.6360101399539496 7.004489831016514
	26.438701953578256 -0.6401311433991692 7.003428971282392
	26.40222203004853 -0.6442528397982838 7.002360777346942
	26.365786045799332 -0.6483752248153283 7.001285247821785
	26.329393998304347 -0.652498294095347 7.000202381308969
	26.29304588502549 -0.6566220432643987 6.999112176401368
	26.256741703413436 -0.6607464679294416 6.998014631682085
	26.22048145090677 -0.6648715636783756 6.996909745724685
	26.18426512493262 -0.668997326079916 6.9957975170932984
	26.14809272290629 -0.6731237506835775 6.9946779443419045
	26.111964242231185 -0.6772508330196325 6.993551026014955
	26.07587968029875 -0.6813785685990579 6.992416760646926
	26.039839034488555 -0.6855069529134752 6.991275146762393
	26.003842302168 -0.6896359814351272 6.990126182875708
	25.96788948069241 -0.6937656496168112 6.98896986749129
	25.931980567405 -0.6978959528918328 6.987806199103294
	25.89611555963652 -0.702026886673986 6.986635176195743
	25.86029445470562 -0.7061584463574618 6.985456797241955
	25.824517249918436 -0.7102906273168385 6.984271060705193
	25.788783942568603 -0.7144234249070253 6.983077965037981
	25.753094529937353 -0.7185568344631987 6.981877508682373
	25.71744900929316 -0.7226908513007879 6.980669690069738
	25.681847377891994 -0.7268254707153896 6.979454507620678
	25.646289632976885 -0.7309606879827668 6.978231959744924
	25.61077577177824 -0.7350964983587558 6.977002044841404
	25.575305791513394 -0.7392328970792647 6.975764761297903
	25.539879689386847 -0.7433698793601907 6.974520107491093
	25.504497462590074 -0.7475074403973911 6.973268081786785
	25.469159108301298 -0.7516455753666528 6.972008682539277
	25.433864623685725 -0.7557842794236102 6.970741908091549
	25.398614005895162 -0.7599235477037395 6.969467756775062
	25.363407252068235 -0.7640633753222765 6.968186226910083
	25.32824435933001 -0.7682037573742078 6.966897316804955
	25.293125324792193 -0.7723446889341935 6.9656010247564595
	25.258050145552822 -0.7764861650565509 6.964297349049676
	25.223018818696442 -0.7806281807751789 6.962986287957507
	25.188031341293662 -0.7847707311035572 6.9616678397413
	25.153087710401532 -0.7889138110346492 6.9603420026500125
	25.118187923063175 -0.7930574155408913 6.959008774920618
	25.08333197630759 -0.7972015395741627 6.957668154777751
	25.048519867150013 -0.801346178065691 6.956320140433815
	25.013751592591348 -0.805491325926065 6.954964730088588
	24.979027149618418 -0.8096369780451529 6.953601921929516
	24.944346535203827 -0.8137831292920655 6.952231714131266
	24.909709746305648 -0.8179297745151419 6.95085410485592
	24.87511677986777 -0.8220769085418534 6.949469092252448
	24.840567632819265 -0.8262245261788277 6.948076674457229
	24.806062302074917 -0.8303726222117342 6.946676849593372
	24.771600784534588 -0.8345211914053059 6.945269615770893
	24.73718307708353 -0.8386702285032507 6.943854971086683
	24.702809176592016 -0.842819728228244 6.94243291362417
	24.668479079915496 -0.8469696852818572 6.94100344145333
	24.6341927838943 -0.8511200943445426 6.939566552630646
	24.599950285353692 -0.8552709500755749 6.938122245198845
	24.56575158110382 -0.8594222471130043 6.936670517187011
	24.531596667939297 -0.8635739800736605 6.935211366610257
	24.49748554263971 -0.8677261435530335 6.933744791469691
	24.463418201968878 -0.8718787321253159 6.932270789752494
	24.42939464267529 -0.8760317403432989 6.930789359431337
	24.395414861491602 -0.8801851627383838 6.929300498464876
	24.361478855134955 -0.8843389938204878 6.927804204797111
	24.327586620306427 -0.8884932280780661 6.926300476357617
	24.29373815369135 -0.8926478599780197 6.9247893110611125
	24.25993345195903 -0.8968028839656795 6.923270706807765
	24.22617251176261 -0.9009582944647753 6.9217446614827685
	24.19245532973907 -0.9051140858773832 6.920211172956155
	24.158781902509048 -0.909270252583899 6.918670239082951
	24.125152226676974 -0.9134267889429738 6.917121857702948
	24.091566298830536 -0.9175836892915287 6.915566026640427
	24.058024115541144 -0.9217409479446482 6.914002743704248
	24.024525673363186 -0.9258985591956251 6.912432006687492
	23.99107096883463 -0.930056517315835 6.910853813367763
	23.957659998476355 -0.9342148165547736 6.9092681615063904
	23.924292758792337 -0.9383734511399822 6.907675048849124
	23.890969246269446 -0.9425324152770265 6.906074473125169
	23.857689457377443 -0.9466917031494492 6.904466432047721
	23.82445338856887 -0.9508513089187348 6.902850923313461
	23.79126103627874 -0.9550112267243023 6.901227944602485
	23.75811239692464 -0.9591714506834448 6.899597493578338
	23.72500746690682 -0.9633319748912693 6.897959567887627
	23.691946242607443 -0.9674927934207476 6.896314165160096
	23.658928720391224 -0.9716539003225861 6.894661283008409
	23.62595489660477 -0.975815289625264 6.893000919027931
	23.59302476757691 -0.9799769553349453 6.89133307079676
	23.560138329618187 -0.9841388914354972 6.889657735875317
	23.527295579020997 -0.9883010918884281 6.887974911806629
	23.494496512059463 -0.9924635506328546 6.8862845961157335
	23.46174112498923 -0.9966262615854867 6.8845867863097725
	23.429029414047424 -1.0007892186405853 6.882881479877847
	23.396361375452535 -1.0049524156699334 6.881168674290768
	23.36373700540432 -1.0091158465228043 6.879448367000925
	23.331156300083563 -1.0132795050259473 6.877720555442332
	23.298619255652284 -1.0174433849835194 6.8759852370301475
	23.26612586825319 -1.0216074801771082 6.874242409160784
	23.233676134009855 -1.0257717843656708 6.872492069211573
	23.201270049026583 -1.0299362912855023 6.870734214540801
	23.16890760938822 -1.0341009946502244 6.868968842487279
	23.13658881116003 -1.0382658881507523 6.86719595037051
	23.104313650387617 -1.0424309654552675 6.8654155354903095
	23.072082123096827 -1.0465962202091852 6.8636275951266335
	23.039894225293526 -1.0507616460351468 6.86183212653952
	23.00774995296364 -1.0549272365329663 6.860029126968849
	22.975649302072927 -1.059092985279626 6.858218593634251
	22.943592268566835 -1.0632588858292507 6.856400523734851
	22.91157884837048 -1.067424931713071 6.854574914449194
	22.879609037388413 -1.071591116439415 6.852741762934911
	22.847682831504557 -1.075757433493677 6.850901066328675
	22.815800226582155 -1.079923876338284 6.849052821746071
	22.783961218463396 -1.0840904384127072 6.847197026281272
	22.75216580296963 -1.0882571131333945 6.845333677007024
	22.72041397590105 -1.0924238938937751 6.843462770974195
	22.688705733036432 -1.0965907740642564 6.841584305211997
	22.657041070133225 -1.1007577469921739 6.839698276727355
	22.625419982927436 -1.1049248060017705 6.837804682505141
	22.593842467133456 -1.109091944394181 6.835903519507627
	22.562308518443533 -1.1132591554474691 6.833994784674538
	22.530818132528502 -1.1174264324164935 6.832078474922726
	22.49937130503678 -1.1215937685330053 6.830154587146103
	22.467968031594655 -1.1257611570055746 6.828223118215289
	22.436608307806242 -1.1299285910195624 6.826284064977517
	22.405292129252977 -1.1340960637371567 6.824337424256446
	22.37401949149393 -1.1382635682972921 6.822383192851845
	22.342790390065225 -1.1424310978156977 6.820421367539589
	22.311604820480266 -1.146598645384834 6.818451945071229
	22.280462778229317 -1.150766204073916 6.816474922173891
	22.249364258779607 -1.1549337669288684 6.81449029555016
	22.218309257574944 -1.159101326972343 6.8124980618776565
	22.187297770035837 -1.1632688772036768 6.810498217808991
	22.156329791559024 -1.1674364105989188 6.808490759971572
	22.125405317517714 -1.1716039201107755 6.806475684967208
	22.09452434326106 -1.1757713986686444 6.804452989371983
	22.06368686411435 -1.1799388391785646 6.802422669736148
	22.03289287537853 -1.1841062345232511 6.800384722583739
	22.002142372330415 -1.1882735775620383 6.798339144412375
	21.971435350222155 -1.1924408611309267 6.796285931693088
	21.940771804281475 -1.1966080780425201 6.794225080870075
	21.910151729711096 -1.200775221086082 6.792156588360453
	21.879575121689076 -1.2049422830274608 6.790080450554022
	21.849041975368145 -1.2091092566091561 6.787996663813005
	21.818552285875903 -1.2132761345502663 6.785905224471879
	21.788106048314663 -1.2174429095464874 6.783806128837037
	21.757703257760912 -1.2216095742701611 6.78169937318665
	21.72734390926572 -1.2257761213701988 6.779584953770266
	21.697027997854114 -1.2299425434721416 6.777462866808758
	21.666755518525136 -1.2341088331781327 6.775333108493954
	21.636526466251546 -1.238274983066937 6.773195674988318
	21.60634083597989 -1.2424409856939107 6.771050562424841
	21.57619862263017 -1.2466068335910248 6.768897766906745
	21.54609982109556 -1.2507725192668897 6.766737284507066
	21.516044426242583 -1.2549380352067068 6.764569111268579
	21.48603243291055 -1.2591033738723312 6.762393243203547
	21.4560638359116 -1.2632685277022495 6.760209676293228
	21.42613863003081 -1.2674334891115424 6.7580184064877935
	21.396256810025182 -1.2715982504920147 6.755819429705981
	21.366418370624483 -1.2757628042120608 6.753612741834858
	21.33662330653044 -1.2799271426167629 6.751398338729557
	21.306871612416625 -1.2840912580278911 6.74917621621276
	21.27716328292857 -1.2882551427438758 6.746946370074808
	21.24749831268313 -1.2924187890398808 6.744708796073069
	21.21787669626892 -1.2965821891677345 6.742463489931901
	21.188298428245403 -1.300745335356044 6.740210447342047
	21.158763503143433 -1.3049082198101072 6.737949663960667
	21.129271915464514 -1.3090708347120086 6.735681135410842
	21.099823659680936 -1.3132331722205912 6.733404857281305
	21.070418730235435 -1.3173952244714933 6.731120825126086
	21.041057121540995 -1.3215569835771732 6.728829034464387
	21.01173882798085 -1.3257184416268977 6.726529480780023
	20.982463843908175 -1.329879590686782 6.724222159521193
	20.95323216364571 -1.3340404227998373 6.721907066100318
	20.924043781486002 -1.3382009299859303 6.71958419589342
	20.894898691690614 -1.342361104241895 6.717253544240032
	20.86579688849062 -1.3465209375414564 6.714915106442793
	20.836738366085843 -1.3506804218353379 6.712568877767037
	20.80772311864491 -1.354839549051252 6.7102148534406005
	20.77875114030518 -1.3589983110939092 6.707853028653327
	20.74982242517205 -1.3631566998451214 6.705483398556856
	20.720936967319364 -1.3673147071637388 6.703105958264159
	20.69209476078886 -1.371472324885736 6.700720702849282
	20.66329579958996 -1.3756295448242415 6.698327627346872
	20.634540077699747 -1.3797863587695494 6.695926726752052
	20.60582758906257 -1.383942758489175 6.69351799601966
	20.57715832758987 -1.3880987357278913 6.691101430064332
	20.548532287160135 -1.3922542822077386 6.688677023759778
	20.519949461618566 -1.3964093896280803 6.686244771938601
	20.491409844776715 -1.4005640496656655 6.6838046693918045
	20.462913430412502 -1.4047182539746361 6.681356710868556
	20.434460212269943 -1.4088719941865742 6.678900891075593
	20.406050184058902 -1.4130252619105497 6.676437204676988
	20.377683339454865 -1.4171780487331693 6.6739656462937935
	20.349359672098636 -1.421330346218629 6.671486210503341
	20.321079175596253 -1.4254821459087443 6.668998891839299
	20.29284184351884 -1.4296334393229848 6.666503684790817
	20.264647669402077 -1.4337842179585705 6.664000583802418
	20.236496646746268 -1.4379344732904757 6.661489583273439
	20.20838876901591 -1.4420841967715143 6.658970677557623
	20.180324029639614 -1.446233379832369 6.656443860962741
	20.15230242200976 -1.4503820138816617 6.653909127750119
	20.124323939482295 -1.4545300903060083 6.6513664721342085
	20.09638857537653 -1.4586776004700657 6.648815888282187
	20.068496322975 -1.462824535716582 6.646257370313426
	20.0406471755229 -1.466970887366504 6.643690912299115
	20.012841126228075 -1.4711166467189984 6.641116508261773
	19.985078168260976 -1.4752618050514945 6.638534152174796
	19.95735829475392 -1.4794063536198172 6.635943837962054
	19.9296814988012 -1.483550283658201 6.633345559497261
	19.902047773458893 -1.4876935863793495 6.630739310603692
	19.874457111744302 -1.4918362529745504 6.628125085053594
	19.846909506635903 -1.4959782746137178 6.625502876567632
	19.81940495107312 -1.500119642445458 6.622872678814615
	19.791943437955915 -1.5042603475971685 6.620234485410783
	19.764524960144758 -1.5084003811750764 6.61758828991946
	19.73714951046014 -1.5125397342643547 6.6149340858504
	19.70981708168238 -1.516678397929184 6.6122718666594045
	19.68252766655149 -1.5208163632128204 6.609601625747776
	19.655281257766774 -1.5249536211376904 6.606923356461739
	19.6280778479866 -1.5290901627054767 6.604237052091961
	19.600917429827994 -1.5332259788972162 6.601542705873013
	19.573799995866803 -1.5373610606733275 6.59884031098282
	19.546725538636863 -1.5414953989737814 6.596129860542046
	19.51969405063004 -1.5456289847181426 6.593411347613747
	19.492705524296056 -1.5497618088056468 6.590684765202534
	19.465759952041914 -1.5538938621153426 6.587950106254217
	19.438857326231748 -1.5580251355061627 6.58520736365519
	19.411997639186605 -1.5621556198170115 6.582456530231784
	19.385180883184162 -1.5662853058668702 6.579697598749699
	19.35840705045829 -1.570414184454913 6.576930561913534
	19.331676133198986 -1.5745422463605803 6.57415541236605
	19.304988123551823 -1.578669482343722 6.5713721426875935
	19.278343013617867 -1.5827958831446727 6.568580745395491
	19.251740795453298 -1.586921439484373 6.565781212943607
	19.225181461069237 -1.5910461420644586 6.562973537721351
	19.198665002431134 -1.595169981567425 6.560157712053367
	19.172191411458908 -1.599292948656671 6.557333728198806
	19.145760680026125 -1.6034150339766944 6.5545015783505916
	19.11937279996032 -1.6075362281531156 6.551661254634929
	19.093027763042034 -1.611656521792898 6.5488127491104695
	19.066725561005086 -1.61577590548438 6.545956053767766
	19.040466185535756 -1.619894369797479 6.543091160528608
	19.01424962827291 -1.6240119052837478 6.540218061245187
	18.988075880807372 -1.628128502476554 6.5373367476996656
	18.961944934681696 -1.632244151891193 6.534447211603132
	18.935856781390065 -1.6363588440249925 6.531549444595326
	18.909811412377447 -1.640472569357522 6.5286434382434875
	18.883808819039963 -1.6445853183506243 6.525729184041968
	18.85784899272393 -1.6486970814486572 6.52280667341131
	18.83193192472584 -1.65280784907858 6.519875897697613
	18.80605760629214 -1.656917611650085 6.516936848171717
	18.780226028618543 -1.6610263595557957 6.513989516028521
	18.754437182850065 -1.6651340831713592 6.51103389238614
	18.72869106008037 -1.669240772855645 6.508069968285145
	18.70298765135162 -1.6733464189508684 6.505097734687927
	18.677326947654127 -1.6774510117827461 6.502117182477651
	18.651708939925992 -1.6815545416606568 6.499128302457741
	18.626133619052542 -1.6856569988778338 6.496131085350761
	18.600600975866524 -1.6897583737114443 6.4931255217979285
	18.57511100114689 -1.6938586564228886 6.490111602358072
	18.54966368561952 -1.6979578372577966 6.48708931750678
	18.52425901995574 -1.7020559064463772 6.484058657635724
	18.498896994773027 -1.7061528542034194 6.481019613051677
	18.4735776006337 -1.7102486707286206 6.477972173975701
	18.448300828045284 -1.7143433462066469 6.474916330542155
	18.423066667459686 -1.7184368708073832 6.471852072798063
	18.397875109273002 -1.7225292346860945 6.468779390701924
	18.372726143825258 -1.7266204279835844 6.465698274123071
	18.347619761399713 -1.7307104408264409 6.4626087128405505
	18.32255595222283 -1.734799263327169 6.459510696542231
	18.297534706463665 -1.7388868855844226 6.456404214824086
	18.272556014233494 -1.7429732976831966 6.4532892571889375
	18.247619865585616 -1.7470584896949968 6.450165813045665
	18.222726250514746 -1.7511424516780774 6.447033871708198
	18.197875158956794 -1.7552251736776174 6.443893422394579
	18.173066580788337 -1.7593066457259514 6.440744454225904
	18.14830050582617 -1.7633868578427845 6.4375869562254096
	18.12357692382728 -1.7674658000353523 6.434420917317323
	18.098895824488036 -1.7715434622986936 6.431246326325941
	18.07425719744379 -1.7756198346158787 6.428063171974604
	18.04966103226875 -1.7796949069581782 6.424871442884502
	18.02510731847548 -1.7837686692853072 6.421671127573829
	18.00059604551451 -1.787841111545648 6.418462214456493
	17.976127202773323 -1.7919122236765808 6.415244691841202
	17.95170077957722 -1.7959819956045053 6.412018547930238
	17.927316765187552 -1.8000504172453016 6.408783770818391
	17.902975148802117 -1.804117478504435 6.4055403484918125
	17.87867591955439 -1.8081831692772583 6.40228826882702
	17.85441906651345 -1.8122474794491947 6.399027519589423
	17.830204578683027 -1.8163103988960827 6.395758088432451
	17.806032445001325 -1.8203719174843804 6.392479962896291
	17.781902654340957 -1.8244320250713606 6.389193130406626
	17.757815195507543 -1.8284907115055378 6.385897578273462
	17.73377005724049 -1.8325479666267188 6.382593293689958
	17.709767228211653 -1.836603780266428 6.3792802637311405
	17.685806697024926 -1.840658142248162 6.375958475352568
	17.661888452216317 -1.8447110423875828 6.372627915389232
	17.6380124822532 -1.8487624704928431 6.369288570554223
	17.614178775533798 -1.852812416364871 6.3659404274372715
	17.59038732038644 -1.8568608697977131 6.362583472503703
	17.566638105070044 -1.8609078205786531 6.359217692092788
	17.542931117772497 -1.864953258488705 6.355843072416804
	17.519266346611104 -1.8689971733027495 6.352459599559335
	17.495643779631422 -1.8730395547899528 6.349067259473915
	17.472063404807262 -1.8770803927139867 6.345666037982908
	17.448525210040014 -1.881119676833374 6.342255920775811
	17.425029183158276 -1.8851573969017716 6.338836893407926
	17.401575311917163 -1.8891935426683282 6.335408941298965
	17.37816358399776 -1.8932281038780103 6.33197204973158
	17.354793987007426 -1.8972610702717858 6.328526203849745
	17.331466508477853 -1.901292431587202 6.325071388657471
	17.308181135866167 -1.9053221775584392 6.32160758901713
	17.284937856553082 -1.9093502979168806 6.318134789647969
	17.261736657843297 -1.9133767823912886 6.314652975124638
	17.23857752696469 -1.9174016207082063 6.3111621298755
	17.215460451067443 -1.9214248025923633 6.307662238181095
	17.192385417224266 -1.925446317766901 6.304153284172499
	17.169352412429188 -1.9294661559538475 6.300635251829846
	17.146361423597664 -1.933484306874367 6.297108124980436
	17.123412437565197 -1.937500760249276 6.293571887297253
	17.10050544108787 -1.9415155057992235 6.290026522297263
	17.077640420841025 -1.9455285332452057 6.286472013339595
	17.05481736341905 -1.9495398323088815 6.282908343623867
	17.032036255334848 -1.953549392712963 6.279335496188643
	17.009297083018865 -1.957557204181668 6.275753453909191
	16.986599832819525 -1.9615632564409438 6.272162199496197
	16.96394449100168 -1.9655675392190406 6.26856171549367
	16.94133104374658 -1.9695700422468168 6.264951984277141
	16.918759477151006 -1.9735707552582031 6.261332988051871
	16.896229777227365 -1.9775696679904946 6.257704708850905
	16.87374192990219 -1.9815667701849322 6.254067128533209
	16.851295921016504 -1.9855620515869596 6.250420228781814
	16.82889173632452 -1.9895555019467772 6.246763991101639
	16.806529361493475 -1.9935471110196976 6.2430983968178255
	16.784208782103118 -1.9975368685665726 6.239423427073452
	16.761929983644745 -2.001524764354301 6.235739062827751
	16.739692951521103 -2.005510788156184 6.232045284853943
	16.717497671045454 -2.0094949297524427 6.228342073737095
	16.695344127441068 -2.013477178930654 6.224629409872231
	16.67323230584095 -2.017457525486159 6.220907273462018
	16.651162191286655 -2.0214359592226305 6.217175644514732
	16.629133768728217 -2.0254124699524523 6.213434502841959
	16.60714702302361 -2.0293870474971807 6.209683828056721
	16.58520193893734 -2.033359681688176 6.205923599570705
	16.563298501140935 -2.037330362366892 6.202153796592535
	16.541436694211757 -2.0412990793854653 6.198374398125198
	16.519616502632253 -2.045265822607248 6.194585382963818
	16.49783791078975 -2.0492305819072323 6.1907867296932855
	16.476100902975595 -2.0531933471726043 6.18697841668601
	16.45440546338479 -2.0571541083032114 6.1831604220993395
	16.43275157611486 -2.061112855212181 6.179332723873249
	16.41113922516587 -2.065069577826324 6.175495299727967
	16.389568394439465 -2.069024266086727 6.171648127161237
	16.368039067738092 -2.072976909949326 6.167791183446051
	16.346551228764895 -2.0769274993853424 6.163924445628089
	16.325104861122313 -2.080876024381985 6.16004789052294
	16.30369994831239 -2.08482247494282 6.156161494713677
	16.2823364737354 -2.0887668410884777 6.152265234548165
	16.2610144206893 -2.0927091128572006 6.148359086136449
	16.23973377236961 -2.096649280305318 6.144443025347889
	16.218494511868062 -2.1005873335079603 6.140517027808678
	16.19729662217251 -2.104523262559541 6.136581068898723
	16.176140086165997 -2.1084570575744013 6.132635123749229
	16.15502488662629 -2.1123887086873756 6.128679167239486
	16.133951006224848 -2.11631820605447 6.124713173994412
	16.112918427526715 -2.1202455398533675 6.120737118381201
	16.091927132989564 -2.1241707002841084 6.116750974506687
	16.0709771049628 -2.1280936775697543 6.112754716214293
	16.050068325687505 -2.13201446195691 6.108748317080887
	16.029200777295195 -2.135933043716473 6.1047317504139835
	16.008374441807508 -2.13984941314421 6.100704989248344
	15.987589301135294 -2.143763560561456 6.096668006343116
	15.966845337078286 -2.147675476315711 6.092620774178518
	15.946142531323995 -2.151585150781388 6.088563264952652
	15.925480865447348 -2.155492574360431 6.084495450578275
	15.904860320910055 -2.1593977374829825 6.080417302679724
	15.884280879059604 -2.1633006306081404 6.076328792588934
	15.863742521128692 -2.1672012442246316 6.072229891343017
	15.843245228235274 -2.1710995688513735 6.068120569680037
	15.822788981380269 -2.174995595038497 6.064000798036124
	15.8023737614486 -2.178889313367734 6.059870546541561
	15.78199954920758 -2.1827807144533184 6.055729785017556
	15.761666325306386 -2.186669788942695 6.051578482972562
	15.741374070275358 -2.190556527517259 6.0474166095985975
	15.721122764525356 -2.1944409208930993 6.043244133767668
	15.700912388347108 -2.1983229598217466 6.039061024028101
	15.680742921910827 -2.2022026350908828 6.034867248600585
	15.660614345264474 -2.206079937525312 6.030662775374741
	15.640526638334432 -2.20995485798748 6.026447571904832
	15.620479780923901 -2.2138273873784433 6.022221605406232
	15.600473752712503 -2.217697516638605 6.017984842751338
	15.580508533255733 -2.2215652367484933 6.0137372504656135
	15.560584101983729 -2.2254305387296847 6.009478794723517
	15.540700438201437 -2.2292934136454554 6.005209441344464
	15.520857521087088 -2.233153852601778 6.000929155788832
	15.501055329692141 -2.2370118467480338 5.99663790315341
	15.481293842939843 -2.240867387278013 5.992335648167615
	15.46157303962594 -2.2447204654304915 5.988022355188884
	15.44189289841606 -2.2485710724904817 5.983697988198512
	15.422253397846712 -2.2524191997897716 5.979362510797222
	15.402654516323691 -2.256264838707987 5.975015886200756
	15.38309623212164 -2.26010798067344 5.970658077235264
	15.36357852338335 -2.2639486171640297 5.966289046333024
	15.344101368119297 -2.2677867397081113 5.961908755527579
	15.324664744206581 -2.2716223398854956 5.957517166449244
	15.305268629388351 -2.275455409328353 5.953114240320353
	15.285913001273608 -2.27928593972206 5.948699937950457
	15.266597837335643 -2.283113922806326 5.944274219731662
	15.247323114912133 -2.2869393503759987 5.9398370456336185
	15.22808881120439 -2.2907622142820445 5.935388375198579
	15.20889490327615 -2.294582506432642 5.930928167536468
	15.189741368053506 -2.2984002187940473 5.92645638131994
	15.170628182323878 -2.302215343391665 5.9219729747790035
	15.151555322735835 -2.306027872310961 5.917477905696252
	15.132522765797669 -2.309837797698641 5.912971131401148
	15.113530487877785 -2.31364511176346 5.908452608765187
	15.09457846520284 -2.317449806777517 5.9039222941962795
	15.075666673858253 -2.321251875077064 5.899380143633543
	15.056795089786652 -2.3250513090637557 5.894826112541653
	15.037963688788277 -2.3288481012055073 5.890260155905326
	15.019172446519176 -2.3326422440378196 5.8856822282239
	15.00042133849141 -2.336433730164697 5.881092283505626
	14.981710340072322 -2.3402225522597786 5.876490275261612
	14.96303942648351 -2.344008703067535 5.871876156500641
	14.944408572801084 -2.3477921754042197 5.867249879722743
	14.925817753953924 -2.3515729621592367 5.862611396913645
	14.907266944724169 -2.3553510562960684 5.857960659538651
	14.888756119746091 -2.359126450853549 5.853297618536519
	14.870285253505523 -2.3628991389470286 5.848622224313661
	14.851854320339461 -2.3666691137695244 5.843934426737409
	14.833463294436019 -2.370436368592805 5.839234175130386
	14.815112149832206 -2.3742008967689485 5.834521418263655
	14.796800860415752 -2.377962691731058 5.829796104350642
	14.778529399922592 -2.381721746994913 5.825058181040605
	14.760297741937805 -2.3854780561599 5.820307595412027
	14.742105859893833 -2.3892316129105335 5.815544293966083
	14.723953727071109 -2.392982411017486 5.810768222620035
	14.705841316596993 -2.396730444338983 5.805979326700284
	14.687768601445365 -2.4004757068220806 5.801177550935734
	14.66973555443628 -2.404218192503942 5.796362839450904
	14.651742148235753 -2.4079578955131016 5.791535135758797
	14.633788355354604 -2.4116948100709465 5.7866943827541
	14.615874148149281 -2.4154289304927885 5.781840522705826
	14.597999498820023 -2.419160251189524 5.776973497250453
	14.580164379411622 -2.4228887666687515 5.772093247384405
	14.562368761812541 -2.426614471536257 5.767199713456661
	14.54461261775476 -2.4303373604973633 5.76229283516182
	14.526895918813247 -2.434057428358373 5.757372551532032
	14.509218636405766 -2.4377746700279577 5.752438800929909
	14.491580741793006 -2.441489080518495 5.7474915210405895
	14.473982206077281 -2.4452006549477296 5.742530648864242
	14.456423000203488 -2.448909388539968 5.7375561207083825
	14.438903094957938 -2.4526152766277494 5.732567872179408
	14.421422460968678 -2.456318314653208 5.727565838175738
	14.403981068705127 -2.4600184981696085 5.7225499528786985
	14.386578888478017 -2.4637158228428326 5.717520149745246
	14.369215890438852 -2.4674102844529857 5.712476361499433
	14.351892044580593 -2.47110187889576 5.707418520124322
	14.334607320736703 -2.4747906021841706 5.702346556853619
	14.317361688581679 -2.478476450449993 5.697260402163485
	14.30015511763071 -2.4821594199454027 5.692159985763564
	14.282987577239645 -2.485839507044577 5.687045236589321
	14.265859036605379 -2.4895167082452176 5.681916082792502
	14.248769464765601 -2.4931910201702405 5.676772451733356
	14.231718830598686 -2.4968624395694463 5.671614269971152
	14.214707102824127 -2.5005309633211072 5.666441463255801
	14.197734250002807 -2.5041965884335964 5.661253956518819
	14.180800240536499 -2.5078593120472195 5.656051673864338
	14.16390504266918 -2.511519131435663 5.650834538560293
	14.147048624485802 -2.5151760440080313 5.645602473028998
	14.13023095391393 -2.5188300473102667 5.640355398838292
	14.113451998723214 -2.5224811390270787 5.635093236691983
	14.096711726526339 -2.5261293169835635 5.629815906420801
	14.080010104778847 -2.5297745791471034 5.6245233269729615
	14.063347100779712 -2.5334169236291197 5.619215416404677
	14.04672268167217 -2.537056348686791 5.61389209187057
	14.03013681444415 -2.5406928527248924 5.608553269614463
	14.013589465927968 -2.5443264342978194 5.603198864959261
	13.997080602802509 -2.5479570921110817 5.597828792297405
	13.98061019159233 -2.551584825023514 5.5924429650817356
	13.964178198669343 -2.555209632048933 5.587041295814461
	13.94778459025324 -2.5588315123581054 5.581623696038472
	13.931429332412106 -2.562450465280701 5.576190076326771
	13.915112391063943 -2.5660664903070645 5.570740346272707
	13.898833731976417 -2.5696795870904205 5.565274414479845
	13.882593320769193 -2.573289755448521 5.559792188551957
	13.86639112291374 -2.576896995365892 5.554293575082862
	13.850227103735147 -2.5805013069956573 5.548778479646683
	13.834101228413079 -2.5841026906615814 5.543246806786428
	13.818013461982812 -2.5877011468601325 5.5376984600053385
	13.801963769336663 -2.591296676262479 5.532133341755433
	13.785952115225422 -2.5948892797165164 5.526551353427729
	13.769978464259308 -2.598478958249041 5.520952395341626
	13.754042780909836 -2.6020657130677427 5.5153363667346404
	13.738145029511355 -2.6056495455633004 5.5097031657520255
	13.72228517426225 -2.609230457311599 5.504052689436406
	13.706463179227118 -2.6128084500757427 5.498384833716974
	13.69067900833801 -2.616383525808329 5.492699493399558
	13.67493262539692 -2.6199556866534572 5.48699656215555
	13.659223994077102 -2.6235249349490526 5.481275932512105
	13.643553077924986 -2.627091273229084 5.475537495841119
	13.627919840363184 -2.630654704225558 5.46978114234879
	13.612324244691408 -2.634215230871045 5.464006761065455
	13.596766254089738 -2.6377728563006855 5.458214239834906
	13.581245831620256 -2.641327583854622 5.452403465303993
	13.565762940229918 -2.6448794170801717 5.446574322911965
	13.550317542753334 -2.648428359734068 5.440726696880544
	13.534909601913991 -2.651974415785097 5.434860470203242
	13.519539080329338 -2.6555175894158722 5.428975524634708
	13.504205940511213 -2.659057885025744 5.423071740681324
	13.488910144870452 -2.6625953072327606 5.417148997590054
	13.473651655719205 -2.6661298608762167 5.41120717333874
	13.458430435274288 -2.6696615510189945 5.405246144626029
	13.443246445660364 -2.673190382949987 5.399265786860946
	13.428099648913765 -2.6767163621864176 5.3932659741530316
	13.412990006984847 -2.6802394944765493 5.38724657930314
	13.397917481743434 -2.683759785801692 5.381207473792405
	13.382882034980652 -2.6872772423791376 5.3751485277737
	13.367883628414644 -2.6907918706641887 5.369069610061307
	13.35292222369305 -2.694303677353026 5.362970588121722
	13.337997782398102 -2.697812669384985 5.356851328064582
	13.323110266050614 -2.7013188539451494 5.350711694632819
	13.308259636114343 -2.704822238466903 5.3445515511942325
	13.29344585400101 -2.7083228306343656 5.338370759732389
	13.27866888107445 -2.7118206383850976 5.332169180837877
	13.263928678656052 -2.715315669912534 5.3259466736994066
	13.249225208029237 -2.7188079336687077 5.319703096096231
	13.234558430445151 -2.7222974383667258 5.3134383043895275
	13.219928307127919 -2.7257841929834035 5.30715215351411
	13.205334799280127 -2.729268206761898 5.30084449697175
	13.190777868088302 -2.7327494892143966 5.294515186822332
	13.176257474729548 -2.736228050124569 5.288164073677913
	13.161773580376682 -2.739703899550453 5.281791006695198
	13.14732614620475 -2.7431770478270483 5.275395833568473
	13.132915133398612 -2.746647505568699 5.268978400523993
	13.118540503157343 -2.75011528367234 5.262538552313643
	13.104202216703209 -2.753580393319639 5.256076132208858
	13.089900235287539 -2.75704284597999 5.2495909819955795
	13.075634520198319 -2.760502653413126 5.24308294196953
	13.061405032767466 -2.76395982767188 5.236551850930265
	13.047211734378646 -2.7674143811048615 5.229997546178752
	13.033054586475059 -2.7708663263592093 5.223419863511739
	13.018933550568313 -2.7743156763831243 5.2168186372198795
	13.00484858824462 -2.7777624444291593 5.210193700083243
	12.990799661176222 -2.7812066440562258 5.203544883369909
	12.976786731128142 -2.7846482891328694 5.1968720168338365
	12.962809759968197 -2.788087393839771 5.1901749287124606
	12.948868709675837 -2.7915239726726204 5.183453445726914
	12.934963542351959 -2.7949580404448056 5.176707393080561
	12.921094220228795 -2.798389612290146 5.169936594459948
	12.907260705680065 -2.8018187036656323 5.163140872034487
	12.893462961230814 -2.80524533035432 5.156320046459433
	12.879700949568932 -2.8086695084678475 5.149473936876258
	12.86597463355509 -2.812091254449445 5.142602360915907
	12.852283976235153 -2.8155105850763738 5.135705134702835
	12.838628940850745 -2.818927517462903 5.128782072857883
	12.825009490851201 -2.8223420690630237 5.121832988504002
	12.811425589906195 -2.8257542576730366 5.114857693271578
	12.797877201917887 -2.829164101434355 5.107855997304725
	12.784364291033718 -2.832571618836205 5.100827709268861
	12.770886821659206 -2.835976828718413 5.093772636358234
	12.757444758472111 -2.8393797502738924 5.086690584305557
	12.744038066435742 -2.84278040305145 5.07958135739158
	12.730666710812537 -2.8461788069585916 5.072444758455932
	12.71733065718004 -2.8495749822637713 5.065280588909012
	12.704029871444193 -2.852968949599434 5.058088648744935
	12.690764319855353 -2.856360729964412 5.05086873655554
	12.677533969023996 -2.8597503447264883 5.043620649545278
	12.66433878593596 -2.8631378156251595 5.03634418354664
	12.651178737969138 -2.866523164774104 5.029039133039069
	12.638053792911183 -2.8699064146634377 5.021705291165607
	12.624963918974741 -2.8732875881627447 5.014342449754152
	12.611909084816837 -2.8766667085230515 5.006950399336682
	12.598889259555683 -2.880043799379591 4.999528929173307
	12.585904412789471 -2.8834188847541125 4.992077827274352
	12.57295451461564 -2.886791989057139 4.984596880426621
	12.560039535649148 -2.890163137090596 4.977085874218324
	12.54715944704312 -2.8935323540498588 4.969544593068032
	12.534314220508737 -2.896899665526105 4.961972820253196
	12.521503828335817 -2.900265097508559 4.9543703379421675
	12.508728243413385 -2.903628676386829 4.946736927224545
	12.49598743925244 -2.9069904289527146 4.939072368147263
	12.483281390007305 -2.9103503824025023 4.931376439749242
	12.470610070497646 -2.913708564339156 4.923648920098934
	12.457973456233082 -2.9170650027738727 4.9158895863332
	12.445371523434721 -2.92041972612859 4.908098214698358
	12.432804249061077 -2.9237727632373383 4.9002745805929635
	12.420271610831886 -2.9271241433482795 4.892418458613243
	12.407773587252583 -2.9304738961256462 4.884529622596957
	12.395310157641152 -2.933822051651093 4.876607845674557
	12.382881302153864 -2.9371686404254373 4.868652900318429
	12.370487001811563 -2.940513693370348 4.860664558395788
	12.35812723852751 -2.943857241829659 4.852642591222291
	12.345801995135652 -2.9471993175706466 4.8445867696194
	12.3335112554173 -2.950539952785856 4.836496863973286
	12.321255004132714 -2.953879180093576 4.828372644295744
	12.309033227048273 -2.9572170325396954 4.820213880287303
	12.29684591096877 -2.9605535435981243 4.812020341402095
	12.2846930437662 -2.963888747172342 4.803791796917784
	12.272574614412628 -2.9672226775958106 4.795528016002963
	12.260490613012063 -2.970555369632762 4.787228767792633
	12.248441030831879 -2.973886858479195 4.778893821461055
	12.236425860337674 -2.9772171797629254 4.770522946299942
	12.224445095225763 -2.980546369544408 4.762115911800442
	12.212498730458739 -2.983874464316717 4.753672487731547
	12.200586762299238 -2.9872015010061332 4.7451924442299935
	12.188709188347792 -2.9905275169715524 4.736675551885098
	12.176866007577134 -2.9938525500050437 4.728121581829734
	12.165057220370015 -2.9971766383314 4.719530305834187
	12.153282828557758 -3.0004998206075073 4.71090149640133
	12.141542835457075 -3.003822135922319 4.702234926865656
	12.129837245910188 -3.007143623795849 4.693530371494485
	12.118166066324175 -3.010464324178465 4.684787605590973
	12.106529304711074 -3.0137842774499752 4.676006405603559
	12.094926970729343 -3.0171035244183497 4.667186549232108
	12.083359075724774 -3.0204221063186387 4.658327815543659
	12.071825632773534 -3.02374006481125 4.64942998508523
	12.06032665672477 -3.0270574419804035 4.640492840004677
	12.048862164244152 -3.0303742803323 4.6315161641681275
	12.03743217385822 -3.033690622793055 4.622499743287171
	12.026036705999369 -3.037006512706433 4.6134433650429205
	12.014675783051576 -3.040321993831365 4.604346819217955
	12.00334942939646 -3.0436371103393336 4.5952098978268445
	11.992057671459339 -3.046951906811769 4.586032395250169
	11.980800537758663 -3.050266428236333 4.57681410837695
	11.969578058952045 -3.0535807200042786 4.567554836739768
	11.95839026788681 -3.056894827906311 4.558254382661904
	11.94723719964738 -3.0602087981294357 4.5489125514018385
	11.936118891607382 -3.063522677252232 4.5395291513031655
	11.925035383478432 -3.06683651224113 4.528956929576634
	11.913986717362842 -3.070150350445353 4.505293247469744
	11.902972937803677 -3.073464239592645 4.481478400023323
	11.891994091838331 -3.076778227783745 4.457513699618279
	11.881050229050476 -3.0800923634873154 4.433400463242322
	11.870141401624728 -3.0834066955338373 4.40914001233622
	11.859267664398203 -3.0867212731104297 4.384733672638372
	11.848429074917162 -3.090036145753833 4.360182774031393
	11.837625693490692 -3.093351363344234 4.33548865038661
	11.826857583246163 -3.0966669760983305 4.3106526394109705
	11.816124810184684 -3.099983034562228 4.285676082492224
	11.805427443237354 -3.1032995896038638 4.2605603245459465
	11.794765554321835 -3.1066166924051317 4.2353067138620855
	11.78413921840005 -3.109934394453381 4.20991660195211
	11.773548513532562 -3.113252747533832 4.184391343396989
	11.762993520938924 -3.1165718037196806 4.158732295695454
	11.752474325054058 -3.1198916153632905 4.132940819112809
	11.74199101358666 -3.1232122350864002 4.107018276531353
	11.731543677576306 -3.1265337157704685 4.080966033299969
	11.721132411452485 -3.1298561105460263 4.05478545708668
	11.71075731309298 -3.1331794727818925 4.02847791772999
	11.700418483882215 -3.136503856074043 4.002044787093047
	11.690116028769499 -3.139829314234106 3.97548743891811
	11.679850056326833 -3.143155901277627 3.9488072486815375
	11.669620678809228 -3.146483671410962 3.922005593451735
	11.659428012210183 -3.149812679019474 3.895083851746678
	11.649272176322468 -3.1531429786533076 3.868043403393539
	11.639153294793804 -3.1564746250145084 3.8408856293903164
	11.629071495185022 -3.1598076729427023 3.8136119117676825
	11.619026909029044 -3.1631421773998936 3.7862236334538544
	11.609019671883708 -3.1664781934569413 3.7587221781399993
	11.599049923392492 -3.169815776276489 3.7311089301479394
	11.589117807337514 -3.173154981098102 3.703385274299898
	11.579223471695165 -3.1764958632217346 3.6755525957889352
	11.569367068691324 -3.1798384779906526 3.6476122800532407
	11.559548754854484 -3.1831828807743707 3.6195657126507284
	11.549768691069113 -3.1865291269507297 3.591414279136225
	11.540027042627592 -3.18987727188769 3.5631593649415056
	11.53032397928033 -3.1932273709249763 3.5348023552563537
	11.520659675288025 -3.1965794793540048 3.5063446349129914
	11.511034309467393 -3.1999336523993973 3.477787588272026
	11.501448065241645 -3.203289945197716 3.449132599111516
	11.49190113068457 -3.206648412777662 3.4203810505173955
	11.482393698567712 -3.21000911003803 3.3915343247778615
	11.472925966400684 -3.213372091727292 3.3625938032794664
	11.46349813647575 -3.216737412420363 3.3335608664053713
	11.454110415905657 -3.2201051264968954 3.30443689343783
	11.444763016663877 -3.2234752881174003 3.275223262461567
	11.435456155619395 -3.226847951200311 3.2459213502714754
	11.426190054570117 -3.23022316939833 3.2165325322821934
	11.416964940278664 -3.2336009960724557 3.187058182441218
	11.40778104449777 -3.236981484268876 3.157499673144038
	11.39863860400087 -3.240364686692327 3.1278583751534863
	11.389537860605865 -3.243750655680776 3.0981356575210874
	11.380479061198534 -3.247139443178744 3.068332887511748
	11.370590701182676 -3.250903851968445 3.038451430532094
	11.348293192695529 -3.2593754698962103 3.008492650060949
	11.326165799721846 -3.2678620038142503 2.978457907583608
	11.30420943266806 -3.2763633860694816 2.948348562529508
	11.282424989695691 -3.284879547526288 2.918165972212369
	11.260813356716698 -3.293410417568534 2.887911491774292
	11.239375407390526 -3.3019559241024936 2.8575864741326997
	11.218112003125542 -3.310515993559501 2.827192269930825
	11.197023993081837 -3.3190905508996824 2.79673022749142
	11.176112214178584 -3.3276795196153386 2.7662016927735995
	11.155377491102982 -3.336282821735323 2.735608009333366
	11.134820636323242 -3.3449003778292994 2.704950518287356
	11.114442450103976 -3.3535321070126423 2.6742305582798003
	11.094243720524652 -3.3621779269516523 2.643449465452751
	11.074225223501273 -3.3708377538690377 2.6126085734207822
	11.054387722810821 -3.3795115025498577 2.581709213246862
	11.0347319701186 -3.3881990863478624 2.550752713423861
	11.015258705009142 -3.396900417191915 2.519740399858212
	10.995968655019023 -3.4056154055932892 2.4886735958569264
	10.976862535673964 -3.4143439606526615 2.4575536221186383
	10.957941050527515 -3.4230859900681376 2.426381796726839
	10.939204891203818 -3.4318414001430613 2.395159435148137
	10.920654737442742 -3.4406100957944217 2.363887850231564
	10.902291257147619 -3.4493919805617983 2.3325683522133365
	10.884115106436788 -3.4581869566161134 2.3012022487235373
	10.866126929697039 -3.4669949247692626 2.269790844796133
	10.848327359640287 -3.4758157844838453 2.2383354428828333
	10.830717017363364 -3.4846494338830576 2.206837342869653
	10.813296512409844 -3.4934957697613145 2.1752978420958597
	10.796066442835405 -3.5023546875947433 2.143718235378028
	10.77902739527528 -3.5112260815523495 2.112099815034715
	10.762179945014692 -3.5201098445073065 2.0804438709159023
	10.745524656062024 -3.5290058680484835 2.048751690434449
	10.729062081223997 -3.5379140424926354 2.017024558600839
	10.712792762184357 -3.5468342568962945 1.9852637580608885
	10.696717229584184 -3.5557663990684714 1.953470569135233
	10.680836003104973 -3.5647103555834825 1.921646269863541
	10.66514959155441 -3.5736660117938297 1.8897921360489904
	10.64965849295396 -3.5826332518437134 1.8579094413073118
	10.63436319462929 -3.591611958682467 1.8259994571170841
	10.61926417330251 -3.6006020140784996 1.7940634528737625
	10.604361895186983 -3.609603298633258 1.762102695944253
	10.589656816083748 -3.618615691795767 1.7301184517262576
	10.575149381480653 -3.627639071876958 1.6981119837074004
	10.560840026653093 -3.6366733160644924 1.6660845535284876
	10.546729176766506 -3.6457183004379337 1.6340374210475763
	10.532817246981383 -3.6547738999836694 1.601971844407298
	10.519104642559297 -3.6638399886105852 1.5698890801023238
	10.505591758971295 -3.6729164391654754 1.5377903830513817
	10.492278982007551 -3.682003123448924 1.5056770066674183
	10.479166687888847 -3.691099912231168 1.473550202933802
	10.466255243379205 -3.7002066752684066 1.4414112224777955
	10.453545005900406 -3.7093232813188934 1.4092613146492077
	10.441036323647465 -3.718449598159493 1.3771017275975994
	10.428729535705486 -3.727585492602295 1.344933708353139
	10.416624972167845 -3.7367308305111964 1.320854939960909
	10.404722954255147 -3.7458854768189145 1.2809174349676462
	10.393023794435397 -3.7550492955439245 1.2558014068310257
	10.381527796545143 -3.7642221498074546 1.230685378694405
	10.370235255911187 -3.773403901850804 1.2055693505577845
	10.35914645947328 -3.7825944130525504 1.180453322421164
	10.348261685907312 -3.7917935439459716 1.1553372942845432
	10.337581205749121 -3.8010011542364697 1.1302212661479227
	10.327105281518739 -3.8102171028190974 1.1051052380113022
	10.316834167844943 -3.819441247796207 1.0799892098746815
	10.306768111590184 -3.82867344649505 1.054873181738061
	10.296907351975616 -3.83791355548547 1.0297571536014405
	10.287252120706194 -3.8471614305976796 1.0046411254648198
	10.27780264209572 -3.8564169269400983 0.9795250973281993
	10.268559133192031 -3.865679898916894 0.9544090691915788
	10.259521803901452 -3.8749502002461917 0.9292930410549582
	10.25069085711346 -3.8842276839776293 0.9041770129183377
	10.242066488824692 -3.893512202510268 0.8790609847817173
	10.23364888826239 -3.9028036076105104 0.8539449566450968
	10.225438238007436 -3.9121017504298057 0.8288289285084763
	10.217434714116422 -3.9214064815226743 0.8037129003718559
	10.209638486243273 -3.930717650864217 0.7785968722352354
	10.202049717759513 -3.9400351078682507 0.7534808440986149
	10.194668565873995 -3.949358701404776 0.7283648159619945
	10.187495181751236 -3.9586882798177987 0.703248787825374
	10.180529710628633 -3.9680236909430726 0.6781327596887535
	10.173772291932487 -3.9773647821256057 0.653016731552133
	10.16722305939258 -3.9867114002372475 0.6279007034155126
	10.160882141155156 -3.996063391694435 0.6027846752788921
	10.15474965989469 -4.005420602475282 0.5776686471422716
	10.14882573292358 -4.01478287813732 0.5525526190056512
	10.143110472300407 -4.024150063834639 0.5274365908690307
	10.137603984936215 -4.033522004335246 0.5023205627324102
	10.132306372698904 -4.042898544038221 0.4772045345957897
	10.127217732515664 -4.052279526990767 0.4520885064591692
	10.122338156473168 -4.061664796905472 0.4269724783225487
	10.117667731915846 -4.071054197176909 0.40185645018592814
	10.113206541541606 -4.08044757089885 0.37674042204930763
	10.108954663495467 -4.089844760880829 0.3516243939126871
	10.104912171460604 -4.099245609664981 0.32650836577606657
	10.101079134747074 -4.1086499595424435 0.30139233763944606
	10.097455618377753 -4.118057652570189 0.27627630950282556
	10.094041683171906 -4.127468530587073 0.251160281366205
	10.0908373858258 -4.136882435230503 0.2260442532295845
	10.087842778990737 -4.1462992079524525 0.200928225092964
	10.085057911348123 -4.155718690035753 0.1758121969563435
	10.082482827681746 -4.165140722609945 0.150696168819723
	10.080117568946953 -4.174565146667559 0.1255801406831025
	10.077962172337001 -4.183991803079515 0.100464112546482
	10.0760166713461 -4.193420532611498 0.0753480844098615
	10.074281095829587 -4.202851175938967 0.050232056273241
	10.072755472060678 -4.21228357366335 0.0251160281366205
