 913
	32.73903898047546 0.0 7.897651953195896
	32.69548698171351 -0.003982619230535153 7.897989392658495
	32.65197875992975 -0.007966813202298716 7.898319562056166
	32.60851431252482 -0.011952580539518523 7.898642460360848
	32.56509363688888 -0.015939919856241526 7.898958086538816
	32.52171673040171 -0.019928829755963058 7.899266439548261
	32.47838359043259 -0.023919308831866014 7.899567518341891
	32.435094214340296 -0.02791135566659196 7.899861321865077
	32.39184859947312 -0.03190496883238599 7.90014784905667
	32.348646743168565 -0.03590014689085798 7.9004270988484135
	32.305488642753595 -0.03989688839312421 7.900699070165454
	32.26237429554443 -0.043895191879664286 7.900963761925946
	32.21930369884644 -0.047895055880303766 7.9012211730408906
	32.17627684995435 -0.05189647891420298 7.90147130241498
	32.13329374615171 -0.05589945948982632 7.901714148944345
	32.09035438471135 -0.05990399610485857 7.901949711519756
	32.04745876289519 -0.06391008724619293 7.902177989023754
	32.00460687795374 -0.06791773138993823 7.9023989803312045
	31.96179872712679 -0.0719269270012908 7.902612684311443
	31.919034307642853 -0.07593767253457802 7.902819099824704
	31.876313616719028 -0.0799499664331991 7.903018225724992
	31.83363665156155 -0.08396380712954599 7.90321006085843
	31.791003409364986 -0.08797919304502538 7.903394604063693
	31.74841388731268 -0.09199612259000134 7.903571854171497
	31.70586808257646 -0.09601459416374367 7.9037418100057835
	31.66336599231685 -0.10003460615439773 7.903904470382525
	31.620907613682526 -0.1040561569389706 7.90405983411001
	31.57849294381091 -0.10807924488324329 7.904207899988746
	31.536121979827406 -0.11210386834180162 7.904348666810944
	31.49379471884594 -0.11613002565792832 7.904482133361941
	31.451511157968717 -0.12015771516360825 7.904608298418835
	31.40927129428568 -0.12418693517951296 7.9047271607501495
	31.36707512487548 -0.12821768401487368 7.904838719116736
	31.324922646804364 -0.13224995996754588 7.904942972272085
	31.282813857126662 -0.13628376132392792 7.9050399189603775
	31.240748752884734 -0.14031908635889867 7.905129557918463
	31.19872733110874 -0.14435593333582286 7.905211887874241
	31.15674958881659 -0.14839430050649452 7.905286907547989
	31.11481552301403 -0.15243418611109377 7.905354615651361
	31.072925130694397 -0.15647558837816306 7.905415010887297
	31.031078408838724 -0.16051850552455701 7.90546809195045
	30.9892753544155 -0.1645629357554172 7.90551385752691
	30.94751596438084 -0.16860887726411455 7.905552306294264
	30.905800235678104 -0.1726563282322432 7.905583436921502
	30.864128165238288 -0.17670528682953468 7.905607248068297
	30.822499749979336 -0.18075575121388773 7.905623738386314
	30.780914986806778 -0.18480771953125352 7.905632906517527
	30.739373872613058 -0.18886118991566256 7.905634751095854
	30.6978764042779 -0.19291616048914426 7.905629270745726
	30.656422578667954 -0.19697262936171575 7.905616464082357
	30.61501239263686 -0.20103059463132966 7.90559632971209
	30.57364584302523 -0.20509005438383676 7.905568866232096
	30.53232292666048 -0.20915100669295086 7.905534072230278
	30.491043640356853 -0.21321344962020938 7.9054919462850215
	30.44980798091517 -0.21727738121494597 7.905442486965673
	30.408615945123056 -0.22134279951422858 7.90538569283163
	30.367467529754574 -0.22540970254284776 7.905321562433553
	30.326362731570374 -0.2294780883132602 7.905250094311549
	30.285301547317534 -0.23354795482555674 7.905171286996512
	30.24428397372948 -0.2376193000674245 7.905085139010004
	30.20331000752583 -0.2416921220141209 7.904991648863047
	30.16237964541273 -0.2457664186283923 7.904890815057075
	30.12149288408209 -0.24984218786050602 7.904782636083855
	30.08064972021219 -0.25391942764814357 7.904667110424781
	30.03985015046721 -0.25799813591640347 7.9045442365513265
	29.999094171497322 -0.26207831057774594 7.904414012924698
	29.958381779938478 -0.2661599495319695 7.904276437995766
	29.91771297241254 -0.2702430506661497 7.904131510205362
	29.87708774552697 -0.2743276118546296 7.903979227983618
	29.83650609587497 -0.278413630958955 7.903819589750408
	29.795968020035332 -0.2825011058278468 7.9036525939152575
	29.755473514572223 -0.28659003429717606 7.903478238876169
	29.71502257603542 -0.2906804141898951 7.903296523021859
	29.67461520095976 -0.29477224331604635 7.903107444728982
	29.634251385865692 -0.2988655194726607 7.902911002363942
	29.59393112725869 -0.30296024044377273 7.9027071942821845
	29.553654421629336 -0.30705640400036305 7.902496018827705
	29.51342126545324 -0.3111540079003226 7.902277474334084
	29.473231655191054 -0.31525304988840686 7.902051559123172
	29.43308558728831 -0.3193535276962011 7.901818271505903
	29.392983058175215 -0.32345543904209995 7.901577609781692
	29.35292406426696 -0.32755878163122826 7.90132957223821
	29.312908601963088 -0.33166355315545776 7.901074157152202
	29.272936667647894 -0.33576975129332176 7.9008113627884615
	29.233008257690106 -0.3398773737100006 7.900541187400096
	29.19312336844296 -0.3439864180572675 7.900263629228329
	29.153281996243766 -0.34809688197348754 7.899978686503056
	29.113484137414286 -0.3522087630835315 7.899686357441492
	29.073729788260476 -0.35632205899875613 7.899386640249386
	29.034018945072216 -0.36043676731698554 7.899079533119881
	28.994351604123427 -0.3645528856224532 7.8987650342342235
	28.95472776167191 -0.3686704114857697 7.898443141761323
	28.915147413959442 -0.3727893424638701 7.898113853857476
	28.87561055721136 -0.37690967610000586 7.897777168666697
	28.836117187636656 -0.38103140992369183 7.897433084320147
	28.796667301428098 -0.3851545414506454 7.897081598936687
	28.757260894761686 -0.3892790681827967 7.8967227106220355
	28.717897963796936 -0.3934049876082111 7.8963564174690335
	28.67857850467655 -0.39753229720107963 7.895982717557801
	28.639302513526626 -0.40166099442164754 7.895601608955263
	28.600069986456365 -0.4057910767161984 7.895213089714992
	28.560880919557764 -0.40992254151704083 7.894817157877588
	28.521735308906 -0.4140553862424209 7.894413811469912
	28.482633150559103 -0.41818960829650725 7.894003048505901
	28.443574440557697 -0.4223252050693763 7.893584866985161
	28.40455917492522 -0.4264621739369364 7.893159264894337
	28.36558734966771 -0.43060051226090873 7.892726240205995
	28.326658960773475 -0.4347402173888101 7.892285790878401
	28.28777400421359 -0.438881286653858 7.891837914856541
	28.248932475941054 -0.44302371737500945 7.891382610070864
	28.210134371891172 -0.44716750685687645 7.89091987443776
	28.17137968798156 -0.4513126523896755 7.890449705859189
	28.132668420111568 -0.4554591512492444 7.889972102222828
	28.094000564162673 -0.45960700069695143 7.889487061401608
	28.055376115997998 -0.46375619797970086 7.88899458125412
	28.016795071462507 -0.4679067403298656 7.888494659623756
	27.978257426382775 -0.4720586249652627 7.887987294339347
	27.93976317656688 -0.4762118490891197 7.887472483214896
	27.901312317804084 -0.4803664098900618 7.886950224048901
	27.862904845865565 -0.48452230454198425 7.886420514624749
	27.82454075650312 -0.48867953020414806 7.885883352710682
	27.786220045449937 -0.4928380840210466 7.885338736059238
	27.74794270842023 -0.4969979631224001 7.884786662407641
	27.709708741108937 -0.5011591646231408 7.884227129477199
	27.671518139192262 -0.5053216856233073 7.883660134973478
	27.633370898326486 -0.5094855232081251 7.883085676586098
	27.595267014148934 -0.5136506744478578 7.882503751988772
	27.557206482277365 -0.5178171363978235 7.881914358838671
	27.519189298309737 -0.5219849060983742 7.881317494777074
	27.481215457824508 -0.5261539805748179 7.88071315742827
	27.443284956380186 -0.5303243568374181 7.880101344400826
	27.40539778951546 -0.5344960318813343 7.879482053285824
	27.367553952748864 -0.5386690026866128 7.878855281657714
	27.32975344157869 -0.5428432662181473 7.878221027074422
	27.291996251483205 -0.5470188194256089 7.877579287076116
	27.254282377920294 -0.5511956592434406 7.876930059186252
	27.216611816327088 -0.5553737825908488 7.8762733409108545
	27.178984562120387 -0.5595531863717118 7.87560912973809
	27.14140061069608 -0.5637338674745974 7.874937423138974
	27.103859957429517 -0.567915822772673 7.8742582185664585
	27.06636259767475 -0.5720990491237467 7.873571513455676
	27.028908526765004 -0.5762835433701647 7.872877305223855
	26.991497740012424 -0.580469302338796 7.87217559126961
	26.954130232707428 -0.5846563228410561 7.871466368973661
	26.916806000119685 -0.5888446016727539 7.870749635698252
	26.879525037496716 -0.5930341356141977 7.870025388786504
	26.84228734006477 -0.5972249214300557 7.86929362556338
	26.805092903028264 -0.6014169558693697 7.868554343334593
	26.767941721569667 -0.6056102356655216 7.867807539386782
	26.730833790849406 -0.6098047575361999 7.867053210987475
	26.693769106005927 -0.6140005181833457 7.8662913553847
	26.656747662155443 -0.6181975142931354 7.865521969807134
	26.619769454391548 -0.622395742535978 7.864745051463711
	26.58283447778552 -0.6265951995664348 7.8639605975435245
	26.545942727386052 -0.6307958820232066 7.863168605215551
	26.509094198218936 -0.6349977865291208 7.862369071628713
	26.472288885287295 -0.6392009096910598 7.8615619939116055
	26.43552678357096 -0.6434052480999894 7.860747369172541
	26.398807888026983 -0.6476107983308512 7.859925194498804
	26.362132193588774 -0.6518175569426182 7.859095466957188
	26.325499695166553 -0.6560255204781974 7.8582581835933265
	26.28891038764722 -0.6602346854643981 7.857413341431823
	26.252364265893505 -0.6644450484119876 7.856560937475851
	26.21586132474487 -0.6686566058155382 7.855700968707299
	26.179401559016505 -0.6728693541535018 7.854833432086272
	26.142984963499536 -0.677083289888139 7.853958324550963
	26.106611532961278 -0.6812984094654458 7.853075643017668
	26.070281262144324 -0.6855147093152149 7.852185384380607
	26.033994145766925 -0.6897321858509463 7.851287545511363
	25.99775017852268 -0.6939508354698396 7.85038212325922
	25.961549355080596 -0.6981706545527425 7.849469114450603
	25.925391670084498 -0.7023916394641763 7.848548515889096
	25.889277118153682 -0.7066137865522131 7.847620324355061
	25.853205693881634 -0.7108370921485856 7.846684536605751
	25.817177391837063 -0.7150615525685184 7.8457411493748195
	25.781192206562974 -0.7192871641107967 7.844790159372217
	25.7452501325767 -0.7235139230577159 7.843831563284416
	25.709351164370094 -0.7277418256750178 7.842865357773072
	25.673495296408912 -0.7319708682119195 7.841891539476435
	25.6376825231328 -0.7362010469010709 7.840910105007815
	25.60191283895555 -0.7404323579584835 7.839921050955944
	25.566186238264194 -0.7446647975835918 7.838924373884703
	25.530502715419523 -0.7488983619591536 7.837920070333014
	25.49486226475568 -0.753133047251251 7.836908136814469
	25.459264880579944 -0.757368849609278 7.8358885698172625
	25.423710557172637 -0.7616057651659054 7.834861365803801
	25.38819928878708 -0.7658437900370473 7.833826521210679
	25.352731069649156 -0.7700829203218702 7.832784032448272
	25.317305893957542 -0.7743231521027242 7.8317338959009115
	25.28192375588318 -0.7785644814451627 7.8306761079260845
	25.246584649569236 -0.7828069043979092 7.829610664854736
	25.211288569131245 -0.7870504169927975 7.828537562990632
	25.1760355086565 -0.7912950152448022 7.827456798610532
	25.140825462203985 -0.7955406951520106 7.826368367963632
	25.1056584238045 -0.7997874526955624 7.825272267271482
	25.070534387460103 -0.8040352838396786 7.824168492727995
	25.03545334714451 -0.8082841845315751 7.823057040498593
	25.00041529680209 -0.8125341507015411 7.821937906720644
	24.965420230348382 -0.8167851782628379 7.8208110875026655
	24.930468141669742 -0.8210372631117039 7.819676578924405
	24.895559024623306 -0.8252904011273173 7.818534377036911
	24.860692873036065 -0.8295445881718726 7.817384477861343
	24.82586968070606 -0.833799820090392 7.816226877389724
	24.791089441400928 -0.8380560927108675 7.815061571584025
	24.756352148858205 -0.842313401844186 7.813888556376377
	24.721657796785536 -0.8465717432840638 7.812707827668328
	24.687006378859742 -0.8508311128071218 7.811519381331128
	24.65239788872745 -0.8550915061727751 7.8103232132049305
	24.617832320004126 -0.8593529191233086 7.809119319099129
	24.583309666274452 -0.8636153473837991 7.8079076947914725
	24.548829921091844 -0.8678787866621347 7.806688336028254
	24.514393077978685 -0.8721432326489492 7.805461238523841
	24.479999130425448 -0.8764086810176962 7.804226397960388
	24.445648071891107 -0.8806751274245606 7.802983809987736
	24.411339895802772 -0.8849425675084689 7.801733470222943
	24.37707459555552 -0.8892109968910752 7.800475374250139
	24.342852164511857 -0.8934804111767898 7.799209517620096
	24.30867259600236 -0.8977508059526693 7.797935895850151
	24.274535883324315 -0.9020221767885475 7.796654504423827
	24.240442019742822 -0.9062945192368659 7.795365338790309
	24.20639099848937 -0.910567828832817 7.794068394364657
	24.172382812762596 -0.914842101094214 7.792763666526953
	24.13841745572763 -0.9191173315215423 7.791451150622512
	24.104494920515727 -0.923393515597972 7.7901308419610995
	24.07061520022473 -0.9276706487892649 7.788802735817049
	24.036778287918192 -0.9319487265438546 7.787466827428732
	24.002984176625453 -0.9362277442928051 7.786123111998279
	23.96923285934128 -0.9405076974498228 7.784771584691134
	23.93552432902631 -0.9447885814111704 7.7834122406362205
	23.901858578605633 -0.9490703915558164 7.782045074924905
	23.86823560096984 -0.953353123245268 7.7806700826112785
	23.834655388973957 -0.9576367718236796 7.779287258711532
	23.801117935437624 -0.961921332617799 7.77789659820378
	23.767623233144885 -0.9662068009369644 7.776498096027489
	23.734171274843575 -0.9704931720731532 7.775091747083461
	23.700762053245747 -0.9747804413009002 7.773677546233204
	23.667395561026918 -0.9790686038773643 7.77225548829887
	23.634071790826173 -0.9833576550422857 7.7708255680626195
	23.600790735245656 -0.9876475900180269 7.769387780266534
	23.567552386850643 -0.9919384040095348 7.767942119612026
	23.534356738169045 -0.9962300922043776 7.766488580759791
	23.501203781691625 -1.0005226497726902 7.765027158328887
	23.46809350987121 -1.0048160718672505 7.763557846897201
	23.43502591512258 -1.0091103536234673 7.762080641000294
	23.402000989822856 -1.0134054901593077 7.760595535131521
	23.36901872631026 -1.0177014765754295 7.759102523741455
	23.336079116884992 -1.021998307955047 7.757601601237585
	23.303182153807853 -1.026295979364082 7.756092761983759
	23.270327829300843 -1.0305944858510678 7.754576000300086
	23.237516135546798 -1.0348938224471689 7.7530513104624195
	23.204747064688636 -1.03919398416626 7.75151868670186
	23.172020608830007 -1.0434949660048198 7.749978123204402
	23.139336760033935 -1.0477967629420832 7.7484296141107745
	23.106695510323576 -1.0520993699399273 7.7468731535156135
	23.074096851681528 -1.056402781942936 7.745308735467308
	23.041540776049423 -1.0607069938784386 7.7437363539677895
	23.009027275328034 -1.0650120006564718 7.742156002971589
	22.976556341376778 -1.0693177971698302 7.74056767638583
	22.944127966013788 -1.0736243782940376 7.738971368069649
	22.91174214101502 -1.0779317388874459 7.73736707183383
	22.87939885811466 -1.082239873791165 7.735754781440313
	22.847098109004577 -1.0865487778291196 7.734134490601747
	22.81483988533409 -1.0908584458080621 7.732506192981097
	22.782624178709497 -1.0951688725176243 7.7308698821911515
	22.75045098069441 -1.09948005273025 7.7292255517941335
	22.718320282808595 -1.103791981201343 7.727573195301185
	22.686232076528697 -1.1081046526691531 7.725912806171818
	22.654186353287116 -1.112418061854914 7.724244377813696
	22.622183104472317 -1.1167322034627873 7.722567903581957
	22.590222321428147 -1.1210470721799457 7.72088337677869
	22.558303995453908 -1.12536266267655 7.719190790652725
	22.52642811780388 -1.1296789696058016 7.717490138398869
	22.49459467968693 -1.1339959876039882 7.715781413157504
	22.462803672266652 -1.1383137112904522 7.71406460801419
	22.431055086660486 -1.142632135267702 7.712339715999022
	22.39934891394022 -1.1469512541213385 7.710606730086218
	22.367685145130558 -1.1512710624202367 7.708865643193484
	22.336063771210075 -1.1555915547164168 7.707116448181673
	22.304484783110397 -1.1599127255451411 7.705359137854092
	22.272948171715424 -1.1642345694250205 7.703593704956128
	22.2414539278616 -1.168557080857972 7.701820142174597
	22.210002042338065 -1.1728802543291892 7.700038442137183
	22.178592505884836 -1.1772040843073976 7.698248597412069
	22.147225309194315 -1.1815285652446352 7.696450600507127
	22.115900442909634 -1.1858536915764846 7.694644443869601
	22.08461789762484 -1.1901794577220435 7.692830119885526
	22.053377663884977 -1.194505858083914 7.691007620878813
	22.022179732184984 -1.1988328870483558 7.689176939111136
	21.991024092969834 -1.2031605389852662 7.687338066781075
	21.95991073663436 -1.2074888082482091 7.685490996023695
	21.92883965352257 -1.2118176891745096 7.683635718909737
	21.897810833927643 -1.216147176085261 7.681772227445226
	21.86682426809125 -1.220477263285421 7.679900513570769
	21.835879946203647 -1.2248079450638085 7.678020569160881
	21.80497785840294 -1.2291392156932046 7.676132386023573
	21.77411799477522 -1.2334710694303483 7.674235955899476
	21.743300345353703 -1.2378035005160604 7.672331270461334
	21.712524900118833 -1.2421365031752396 7.670418321313401
	21.681791648997677 -1.2464700716169554 7.668497099990796
	21.65110058186378 -1.2508042000344792 7.6665675979586565
	21.620451688536413 -1.2551388826054017 7.664629806611709
	21.589844958781303 -1.259474113491544 7.66268371727349
	21.559280382308415 -1.2638098868392795 7.660729321195769
	21.528757948773713 -1.268146196779304 7.658766609557688
	21.49827764777726 -1.2724830374269147 7.656795573465289
	21.46783946886342 -1.2768204028820038 7.654816203950613
	21.437443401520753 -1.2811582872290828 7.652828491971104
	21.407089435181227 -1.2854966845374176 7.650832428408903
	21.376777559220105 -1.2898355888610635 7.6488280040701415
	21.34650776295542 -1.2941749942389564 7.646815209684136
	21.316280035647555 -1.298514894694997 7.644794035902738
	21.286094366499302 -1.3028552842380619 7.642764473299427
	21.25595074465502 -1.3071961568621495 7.640726512368891
	21.225849159200372 -1.3115375065464407 7.6386801435258995
	21.195789599162353 -1.3158793272553173 7.636625357104726
	21.165772053507833 -1.3202216129386035 7.6345621433583535
	21.135796511144694 -1.3245643575314232 7.632490492457756
	21.10586296092026 -1.3289075549544582 7.630410394490888
	21.075971391621255 -1.3332511991139828 7.628321839462089
	21.046121791973682 -1.3375952839019127 7.626224817291209
	21.01631415064191 -1.3419398031959675 7.624119317812725
	20.986548456228856 -1.3462847508596778 7.6220053307750195
	20.956824697275003 -1.3506301207425622 7.619882845839624
	20.927142862258606 -1.3549759066801315 7.617751852579986
	20.897502939594766 -1.3593221024940607 7.61561234048102
	20.867904917635148 -1.3636687019922675 7.613464298938079
	20.83834878466781 -1.3680156989689758 7.611307717256012
	20.808834528916528 -1.3723630872048578 7.609142584648536
	20.779362138540563 -1.3767108604671003 7.606968890236935
	20.749931601633875 -1.3810590125095747 7.6047866230495496
	20.720542906225408 -1.3854075370728278 7.602595772020637
	20.691196040277816 -1.3897564278843224 7.600396325989407
	20.661890991687468 -1.394105678658479 7.598188273699347
	20.63262774828446 -1.3984552830967218 7.595971603797055
	20.60340629783092 -1.4028052348877802 7.5937463048313205
	20.574226628022018 -1.4071555277075856 7.59151236525203
	20.54508872648441 -1.4115061552195602 7.58926977340963
	20.515992580776437 -1.415857111074634 7.587018517553607
	20.486938178387533 -1.4202083889113915 7.584758585831865
	20.457925506737627 -1.4245599823562154 7.582489966289351
	20.428954553176435 -1.4289118850234488 7.580212646867547
	20.400025304983913 -1.433264090515386 7.57792661540292
	20.37113774936882 -1.4376165924225492 7.575631859626184
	20.34229187346851 -1.4419693843237822 7.573328367161111
	20.31348766434921 -1.4463224597862676 7.571016125523489
	20.284725109004235 -1.4506758123658625 7.5686951221201895
	20.256004194354578 -1.4550294356070774 7.566365344247698
	20.227324907247773 -1.4593833230433115 7.564026779091473
	20.198687234458014 -1.4637374681969078 7.56167941372445
	20.17009116268501 -1.4680918645793921 7.559323235106143
	20.14153667855422 -1.4724465056915161 7.556958230081357
	20.113023768615534 -1.4768013850235266 7.554584385379059
	20.084552419343396 -1.4811564960552235 7.552201687611353
	20.056122617135966 -1.4855118322561656 7.549810123272076
	20.027734348315093 -1.4898673870857528 7.547409678735683
	19.999387599124884 -1.4942231539935267 7.5450003402561885
	19.971082355732367 -1.498579126419146 7.542582093965622
	19.94281860422597 -1.5029352977927124 7.540154925873058
	19.914596330615403 -1.5072916615348662 7.537718821863311
	19.886415520831413 -1.511648211056915 7.535273767695474
	19.85827616072468 -1.5160049397610933 7.532819749002046
	19.83017823606562 -1.5203618410406816 7.530356751287123
	19.80212173254382 -1.5247189082801882 7.527884759925464
	19.774106635767694 -1.5290761348554962 7.525403760160936
	19.746132931263148 -1.533433514134168 7.522913737105485
	19.718200604474085 -1.5377910394754613 7.5204146757373245
	19.690309640761463 -1.5421487042305804 7.5179065608998075
	19.662460025401998 -1.5465065017429793 7.515389377300227
	19.634651743588826 -1.550864425348359 7.51286310950804
	19.60688478043012 -1.555222468374993 7.510327741953596
	19.579159120948635 -1.559580624143905 7.507783258926766
	19.55147475008157 -1.5639388859689989 7.505229644575502
	19.523831652679306 -1.5682972471573742 7.502666882904071
	19.496229813505355 -1.5726557010094404 7.500094957772037
	19.468669217235608 -1.5770142408191563 7.49751385289226
	19.44114984845761 -1.581372859874262 7.494923551829745
	19.413671691670075 -1.5857315514564743 7.4923240379999925
	19.38623473128266 -1.590090308841645 7.4897152946672465
	19.358838951614516 -1.5944491253001138 7.487097304943099
	19.331484336894196 -1.5988079940968547 7.484470051784995
	19.3041708712594 -1.603166908491638 7.4818335179943105
	19.276898538755415 -1.6075258617394148 7.479187686215007
	19.24966732333536 -1.6118848470904097 7.476532538931741
	19.222477208859278 -1.6162438577904004 7.473868058468304
	19.195328179093178 -1.6206028870810099 7.471194226985996
	19.16822021770888 -1.6249619281998726 7.468511026481729
	19.141153308283037 -1.62932097438093 7.465818438786468
	19.1141274342966 -1.633680018854668 7.463116445563266
	19.087142579134227 -1.6380390548483492 7.4604050283057575
	19.060198726083783 -1.6423980755862553 7.457684168336166
	19.03329585833495 -1.6467570742900535 7.4549538468034084
	19.00643395897957 -1.6511160441789021 7.452214044681511
	18.979613011010127 -1.6554749784698521 7.449464742767547
	18.95283299731974 -1.6598338703780047 7.446705921679802
	18.92609390070096 -1.6641927131168726 7.443937561855851
	18.899395703845336 -1.6685514998986146 7.441159643550714
	18.872738389342487 -1.6729102239343534 7.438372146834688
	18.84612193967995 -1.6772688784343746 7.435575051591695
	18.819546337242034 -1.6816274566084772 7.432768337516844
	18.793011564308724 -1.6859859516663411 7.429951984114873
	18.766517603056148 -1.6903443568176186 7.4271259706977455
	18.740064435554647 -1.6947026652724382 7.4242902763827034
	18.713652043768743 -1.6990608702415892 7.421444880090228
	18.687280409556262 -1.7034189649368594 7.418589760541779
	18.660949514667223 -1.7077769425714007 7.415724896257652
	18.634659340744086 -1.7121347963598847 7.4128502655550745
	18.60840986931977 -1.7164925195190264 7.409965846545474
	18.582201081817555 -1.7208501052677962 7.407071617132778
	18.556032959550627 -1.7252075468276957 7.40416755501085
	18.529905483720476 -1.7295648374232342 7.401253637661289
	18.503818635416952 -1.7339219702821214 7.39832984235104
	18.477772395616938 -1.7382789386357014 7.395396146130244
	18.451766745183917 -1.7426357357192384 7.392452525829587
	18.425801664866977 -1.7469923547722965 7.389498958058137
	18.399877135299942 -1.7513487890391124 7.386535419200844
	18.373993137000777 -1.7557050317689122 7.383561885416088
	18.348149650371266 -1.7600610762161937 7.380578332632872
	18.322346655694588 -1.7644169156413654 7.3775847365491325
	18.296584133136456 -1.7687725433107866 7.3745810726281595
	18.270862062743205 -1.773127952497324 7.37156731609667
	18.245180424441205 -1.777483136480697 7.368543441942171
	18.219539198035523 -1.7818380885479428 7.365509424909937
	18.193938363210442 -1.7861928019935749 7.362465239500753
	18.168377899526966 -1.7905472701202598 7.359410859967798
	18.14285778642336 -1.7949014862389785 7.356346260314385
	18.117378003212803 -1.799255443669683 7.353271414290768
	18.09193852908457 -1.8036091357413548 7.350186295391367
	18.06653934310117 -1.807962555792762 7.347090876852229
	18.04118042419852 -1.8123156971726948 7.3439851316478135
	18.015861751184733 -1.8166685532404467 7.340869032488188
	17.990583302739665 -1.8210211173661721 7.337742551816231
	17.965345057413415 -1.8253733829314152 7.3346056618043
	17.940146993625497 -1.8297253433295475 7.331458334351539
	17.914989089664772 -1.8340769919660596 7.328300541080638
	17.889871323687128 -1.8384283222592561 7.325132253334625
	17.864793673716175 -1.842779327640432 7.3219534421741015
	17.839756117640718 -1.8471300015546093 7.318764078373567
	17.814758633214936 -1.851480337460813 7.315564132418647
	17.7898011980568 -1.855830328832648 7.312353574502493
	17.76488378964821 -1.8601799691585956 7.309132374522629
	17.740006385332087 -1.864529251942831 7.305900502077661
	17.715168962313307 -1.868878170705383 7.302657926463828
	17.69037149765699 -1.8732267189827603 7.299404616671467
	17.66561396828714 -1.8775748903285197 7.296140541381622
	17.64089635098633 -1.8819226783136513 7.292865668962722
	17.616218622394314 -1.8862700765271676 7.289579967466732
	17.591580759007346 -1.890617078576558 7.2862834046256415
	17.566982737176698 -1.8949636780884085 7.2829759478478255
	17.542424533108044 -1.8993098687088539 7.279657564214541
	17.51790612286028 -1.9036556441041521 7.276328220475791
	17.493427482344927 -1.9080009979611403 7.2729878830468735
	17.46898858732411 -1.9123459239879737 7.269636518004339
	17.444589413410455 -1.9166904159145066 7.266274091082266
	17.420229936065944 -1.9210344674928759 7.262900567668299
	17.39591013060011 -1.925378072498202 7.2595159127994835
	17.371629972170044 -1.9297212247289806 7.256120091158383
	17.34738943577822 -1.9340639180078565 7.252713067069181
	17.323188496272696 -1.9384061461819844 7.249294804493058
	17.299027128344573 -1.9427479031238961 7.245865267024537
	17.274905306528407 -1.9470891827318215 7.242424417886813
	17.25082300519958 -1.9514299789305847 7.238972219927795
	17.226780198574318 -1.9557702856720132 7.235508635615433
	17.20277686070888 -1.9601100969355083 7.232033627033734
	17.178812965496615 -1.9644494067290097 7.22854715587766
	17.15488848666869 -1.9687882090892976 7.2250491834495065
	17.131003397792494 -1.9731264980827177 7.221539670653428
	17.10715767226946 -1.9774642678060295 7.218018577991312
	17.083351283335524 -1.981801512386772 7.214485865558068
	17.059584204059018 -1.9861382259841072 7.210941493036757
	17.03585640733916 -1.9904744027895556 7.2073854196937415
	17.012167865906065 -1.994810037027468 7.2038176043739846
	16.98851855231822 -1.999145122955961 7.200238005495832
	16.96490843896262 -2.0034796548673763 7.196646581046503
	16.941337498052267 -2.0078136270892295 7.193043288576505
	16.917805701625966 -2.0121470339847356 7.189428085194784
	16.894313021546903 -2.016479869953579 7.185800927563399
	16.87085942950061 -2.0208121294327954 7.182161771892664
	16.847444896995068 -2.0251438068972605 7.178510573935112
	16.824069395358432 -2.0294748968606418 7.174847288980706
	16.800732895738296 -2.033805393876052 7.171171871851199
	16.777435369100065 -2.0381352925368916 7.167484276894496
	16.754176786226346 -2.042464587477501 7.163784457979232
	16.730957117714613 -2.046793273374144 7.16007236848897
	16.707776333977268 -2.0511213449455474 7.156347961316328
	16.684634405238924 -2.055448796953978 7.152611188857728
	16.661531301536556 -2.0597756242057743 7.148862003006699
	16.63846699271688 -2.064101821552422 7.1451003551486325
	16.61544144843594 -2.0684273838912093 7.14132619615407
	16.592454638157726 -2.072752306166083 7.137539476373387
	16.569506531152044 -2.0770765833686413 7.133740145629847
	16.546597096493922 -2.08140021053886 7.129928153213644
	16.523726303062567 -2.0857231827658973 7.12610344787552
	16.500894119538966 -2.0900454951891736 7.122265977820666
	16.478100514405284 -2.0943671429991118 7.118415690701308
	16.45534545594354 -2.098688121438028 7.114552533611074
	16.432628912233795 -2.103008425801122 7.110676453077747
	16.409950851152725 -2.1073280514374035 7.106787395056693
	16.387311240373077 -2.1116469937504543 7.102885304923864
	16.364710047361267 -2.1159652481995646 7.09897012746907
	16.34214723937643 -2.120282810300588 7.095041806888676
	16.319622783469082 -2.124599675626885 7.0911002867785085
	16.2971366464797 -2.1289158398102983 7.0871455101272485
	16.274688795036305 -2.133231298542321 7.083177419307742
	16.252279195555356 -2.137546047574627 7.079195956071333
	16.229907814237475 -2.141860082720641 7.075201061539053
	16.20757461706774 -2.146173399856194 7.071192676194346
	16.185279569814544 -2.150485994920497 7.067170739875875
	16.16302263802626 -2.1547978639175334 7.06313519176918
	16.140803787031686 -2.159109002916736 7.059085970398842
	16.11862298193724 -2.163419408054304 7.055023013620972
	16.096480187626682 -2.16772907553403 7.050946258614404
	16.074375368758268 -2.172038001628652 7.046855641873124
	16.052308489764187 -2.176346182680767 7.042751099197678
	16.03027951484851 -2.1806536151040263 7.038632565686773
	16.008288407986356 -2.1849602953841383 7.03449997572891
	15.986335132921438 -2.1892662200801687 7.030353262993558
	15.964419653165463 -2.1935713858255044 7.026192360422784
	15.942541931995496 -2.197875789329223 7.022017200221803
	15.920701932453527 -2.2021794273770423 7.017827713850794
	15.898899617344336 -2.2064822968326143 7.013623832015338
	15.87713494923338 -2.2107843946388317 7.009405484657261
	15.85540789044684 -2.2150857178187087 7.0051726009455315
	15.833718403068033 -2.2193862634770065 7.000925109266903
	15.812066448937529 -2.2236860288011253 6.9966629372160085
	15.790451989650297 -2.227985011062605 6.992386011586259
	15.768874986554705 -2.232283207618267 6.988094258359372
	15.747335400751277 -2.2365806159114183 6.9837876026965136
	15.725833193090153 -2.2408772334733222 6.979465968927074
	15.70436832417009 -2.2451730579243834 6.975129280539393
	15.682940754336121 -2.2494680869756047 6.970777460170232
	15.661550443679625 -2.2537623184295823 6.966410429594462
	15.640197352034496 -2.2580557501822844 6.9620281097142485
	15.618881438977064 -2.262348380224112 6.9576304205487
	15.597602663823224 -2.2666402066415077 6.953217281223125
	15.576360985628352 -2.2709312276180373 6.948788609957714
	15.555156363183986 -2.2752214414361314 6.944344324056974
	15.53398875501732 -2.2795108464782703 6.939884339898263
	15.512858119388621 -2.2837994412286076 6.935408572920496
	15.49176441429042 -2.288087224274247 6.930916937612469
	15.470707597445337 -2.2923741943068103 6.92640934750211
	15.449687626304387 -2.2966603501239278 6.921885715143185
	15.42870445804495 -2.3009456906308046 6.917345952105117
	15.407758049570445 -2.3052302148414574 6.912789968959669
	15.38684835750656 -2.30951392188068 6.908217675269212
	15.365975338201368 -2.3137968109852114 6.903628979574833
	15.34513894772241 -2.318078881505558 6.8990237893827935
	15.324339141855878 -2.3223601329073893 6.894402011152938
	15.303575876103766 -2.3266405647733808 6.889763550285278
	15.282849105683786 -2.3309201768044856 6.885108311107489
	15.262158785525306 -2.3351989688220676 6.880436196861067
	15.241504870270562 -2.3394769407689338 6.875747109689057
	15.22088731427013 -2.343754092711601 6.871040950622
	15.200306071582773 -2.3480304248416535 6.866317619564306
	15.179761095973435 -2.3523059374775053 6.861577015280975
	15.15925234091146 -2.356580631066143 6.856819035383328
	15.138779759568411 -2.3608545061849653 6.852043576314909
	15.118343304817156 -2.3651275635433735 6.847250533337779
	15.097942929228825 -2.3693998039848316 6.842439800517327
	15.077578585073228 -2.3736712284882153 6.837611270708338
	15.057250224314684 -2.377941838170147 6.832764835540066
	15.036957798611803 -2.3822116342865214 6.827900385401165
	15.016701259314901 -2.386480618234544 6.82301780942484
	14.996480557465759 -2.390748791554297 6.818116995473588
	14.976295643793428 -2.3950161559311667 6.813197830123564
	14.956146468714618 -2.3992827131973127 6.808260198649156
	14.936032982331202 -2.4035484653337784 6.803303985007256
	14.915955134428165 -2.407813414472521 6.798329071821216
	14.895912874472563 -2.4120775628982534 6.793335340364658
	14.875906151611238 -2.4163409130505706 6.788322670545192
	14.855934914668714 -2.4206034675260657 6.783290940888209
	14.835999112147373 -2.424865229079965 6.778240028519518
	14.816098692223068 -2.4291262006287875 6.773169809149384
	14.796233602745716 -2.433386385251937 6.768080157054786
	14.776403791235591 -2.4376457861942584 6.762970945062471
	14.75660920488405 -2.441904406867648 6.757842044531519
	14.736849790549458 -2.44616225085374 6.7526933253357395
	14.7171254947566 -2.450419321905854 6.74752465584588
	14.697436263695037 -2.4546756239511973 6.742335902911654
	14.67778204321816 -2.4589311610929383 6.73712693184326
	14.658162778839136 -2.4631859376129976 6.731897606393937
	14.638578415732056 -2.4674399579737076 6.726647788740365
	14.619028898728649 -2.4716932268204843 6.721377339464442
	14.599514172317232 -2.4759457489840315 6.716086117534641
	14.580034180640753 -2.480197529482769 6.710773980286008
	14.560588867495811 -2.4844485735250768 6.705440783401779
	14.54117817633029 -2.4886988865118727 6.700086380893682
	14.521802050241966 -2.4929484740390047 6.694710625081634
	14.502460431978639 -2.497197341899324 6.689313366574553
	14.483153263932566 -2.5014454960860744 6.683894454250168
	14.463880488144143 -2.5056929427942274 6.678453735234586
	14.444642046296439 -2.509939688423909 6.672991054881691
	14.425437879714675 -2.514185739582742 6.667506256753117
	14.406267929366258 -2.518431103088094 6.661999182596595
	14.387132135857692 -2.5226757859700637 6.656469672325978
	14.368030439433262 -2.5269197954740976 6.650917563998689
	14.34896277997512 -2.531163139063322 6.6453426937955955
	14.329929096999845 -2.5354058244217086 6.639744895999189
	14.310929329658704 -2.53964785945643 6.634124002970566
	14.291963416735612 -2.5438892523007763 6.628479845129574
	14.273031296646007 -2.5481300113169008 6.622812250931123
	14.254132907435599 -2.552370145098617 6.617121046843333
	14.235268186778868 -2.5566096624743055 6.611406057325109
	14.21643707197877 -2.5608485725095673 6.605667104803903
	14.197639499963733 -2.565086884510544 6.599904009651748
	14.178875407288764 -2.569324608026325 6.59411659016371
	14.160144730132972 -2.5735617528522203 6.588304662533629
	14.141447404298468 -2.5777983290327557 6.582468040831205
	14.12278336520979 -2.5820343468645826 6.576606536978719
	14.10415254791324 -2.5862698168994496 6.570719960726601
	14.085554887074764 -2.590504749947554 6.564808119631017
	14.066990316980503 -2.594739157080309 6.5588708190283045
	14.048458771534026 -2.5989730496339303 6.55290786201215
	14.02996018425856 -2.6032064392118976 6.54691904940861
	14.011494488292414 -2.607439337689044 6.540904179752303
	13.99306161639106 -2.611671757214143 6.5348630492609
	13.974661500925533 -2.615903710213388 6.528795451812031
	13.956294073882061 -2.6201352093936405 6.522701178917066
	13.937959266860748 -2.624366267745939 6.516580019697058
	13.919657011075781 -2.628596898548698 6.510431760857421
	13.901387237355184 -2.63282711537106 6.5042561866627855
	13.883149876139294 -2.6370569320765993 6.498053078912549
	13.864944857481792 -2.6412863628264676 6.4918222169142785
	13.84677211104865 -2.6455154220830828 6.485563377459557
	13.828631566118034 -2.6497441246136435 6.479276334797902
	13.8105231515796 -2.6539724854938345 6.472960860611394
	13.792446795936824 -2.6582005201108645 6.466616723989089
	13.774402427302686 -2.662428244168142 6.460243691401764
	13.75638997340461 -2.66665567368779 6.453841526675337
	13.738409361580914 -2.670882825015249 6.447409990966387
	13.720460518782582 -2.67510971482266 6.440948842735488
	13.702543371574498 -2.6793363601124276 6.434457837722151
	13.684657846133199 -2.6835627782216833 6.427936728918568
	13.666803868250168 -2.68778898682547 6.42138526654402
	13.648981363330563 -2.6920150039410795 6.414803198020086
	13.631190256395355 -2.6962408479316364 6.408190267943713
	13.613430472079914 -2.700466537510598 6.401546218061677
	13.595701934637543 -2.7046920917451085 6.394870787247259
	13.578004567938828 -2.708917530060442 6.3881637114717
	13.560338295472558 -2.7131428722441258 6.381424723780762
	13.542703040348044 -2.717368138449775 6.374653554269537
	13.525098725295535 -2.7215933492014734 6.367849930056291
	13.507525272667499 -2.7258185253979983 6.3610135752588866
	13.489982604441588 -2.7300436883167025 6.354144210969006
	13.472470642220138 -2.7342688596183184 6.347241555227586
	13.454989307233609 -2.738494061350857 6.340305323001085
	13.437538520342072 -2.7427193159540644 6.3333352261570335
	13.420118202036727 -2.7469446462639375 6.326330973440038
	13.402728272442667 -2.7511700755170057 6.31929227044817
	13.385368651321318 -2.755395627354772 6.312218819609391
	13.3680392580722 -2.7596213258283897 6.305110320159217
	13.350740011736047 -2.7638471954030797 6.297966468117359
	13.333470830997687 -2.768073260962691 6.290786956265429
	13.316231634188771 -2.7722995478143675 6.283571474125257
	13.299022339290685 -2.7765260816932607 6.276319707937841
	13.281842863937886 -2.780752888767207 6.269031340640632
	13.264693125422061 -2.784979995641285 6.261706051848913
	13.247573040694048 -2.789207429363024 6.2543435178343145
	13.230482526369746 -2.793435217426681 6.246943411505756
	13.213421498732487 -2.7976633877785124 6.239505402390747
	13.196389873737862 -2.8018919688214976 6.232029156615627
	13.179387567017956 -2.806120989420313 6.224514336890377
	13.162414493885922 -2.8103504789063027 6.2169606024882675
	13.145470569340839 -2.8145804670824766 6.2093676092317365
	13.128555708072641 -2.8188109842285773 6.20173500947728
	13.11166982446653 -2.823042061106375 6.1940624520971435
	13.094812832610662 -2.8272737289642236 6.186349582469543
	13.077984646299209 -2.831506019542898 6.178596042462583
	13.061185179039486 -2.835738965080487 6.170801470422834
	13.044414344058763 -2.839972598317465 6.162965501164531
	13.027672054308603 -2.844206952502515 6.1550877659585135
	13.010958222473656 -2.8484420613972903 6.147167892523225
	12.994272760977992 -2.852677959281922 6.139205505016638
	12.977615581991031 -2.856914680960751 6.13120022402867
	12.960986597436467 -2.861152261767374 6.123151666576616
	12.944385718999758 -2.8653907375701784 6.115059446098775
	12.9278128581358 -2.8696301447779478 6.106923172452446
	12.911267926076894 -2.8738705203454984 6.0987424519113285
	12.894750833842679 -2.8781119017789125 6.090516887166144
	12.878261492247509 -2.8823543271415777 6.08224607732255
	12.861799811911613 -2.886597835059315 6.073929617907863
	12.845365703268202 -2.8908424647267457 6.065567100871681
	12.828959076575801 -2.8950882559123476 6.057158114593142
	12.812579841928212 -2.8993352489643 6.048702243887836
	12.796227909262473 -2.903583484816983 6.040199070016984
	12.779903188374188 -2.9078330049956134 6.031648170699134
	12.763605588925728 -2.9120838516229535 6.0230491201221685
	12.747335020458932 -2.9163360674249224 6.014401488959427
	12.731091392407325 -2.9205896957364748 6.005704844384745
	12.714874614109599 -2.924844780507278 5.9969587500941
	12.698684594820303 -2.9291013663082883 5.988162766326247
	12.682521243726123 -2.933359498336935 5.979316449883564
	12.666384469957597 -2.9376192224237045 5.97041935416374
	12.650274182604122 -2.94188058503796 5.961471029182481
	12.63419029072926 -2.946143633293833 5.952471021608459
	12.618132703384264 -2.9504084149567467 5.943418874795093
	12.602101329626644 -2.9546749784487067 5.934314128817603
	12.586096078533018 -2.9589433728553156 5.925156320512116
	12.570116859218427 -2.963213647931164 5.915944983517678
	12.554163580852007 -2.9674858541063767 5.906679648320405
	12.538236152675845 -2.971760042492444 5.897359842304003
	12.522334484021272 -2.976036264888922 5.887985089796711
	12.506458484330661 -2.9803145737887577 5.87855491213184
	12.490608063173989 -2.98459502238525 5.869068827698755
	12.4747831302703 -2.9888776645777986 5.859526352010059
	12.458983595507645 -2.9931625549782535 5.849926997762338
	12.44320936896405 -2.997449748917146 5.840270274907652
	12.42746036093068 -3.001739302449472 5.830555690722036
	12.411736481931687 -3.0060312723615867 5.8207827498863285
	12.396037642749505 -3.010325716176741 5.810950954562027
	12.380363754447279 -3.0146226921616024 5.8010598044770285
	12.364714728393436 -3.018922259332354 5.791108797014632
	12.349090476286651 -3.02322447746086 5.781097427303512
	12.333490910182176 -3.02752940708063 5.771025188317159
	12.317915942516636 -3.0318371094934147 5.760891570974382
	12.302365486137228 -3.0361476467747113 5.750696064243324
	12.286839454328037 -3.0404610817803133 5.74043815525526
	12.271337760839659 -3.0447774781520733 5.7301173294169345
	12.255860319917746 -3.049096900324195 5.719733070532924
	12.2404070463334 -3.053419413529177 5.709284860929908
	12.224977855415702 -3.0577450838033333 5.698772181585613
	12.209572663081273 -3.062073977993382 5.688194512268685
	12.194191385866963 -3.0664061637623283 5.677551331673813
	12.178833940967277 -3.070741709594148 5.666842117573002
	12.163500246263238 -3.0750806848012084 5.65606634696382
	12.148190220361082 -3.079423159529001 5.645223496229224
	12.13290378262839 -3.083769204761826 5.634313041299686
	12.117640853229439 -3.088118892328933 5.623334457821369
	12.102401353165558 -3.092472294909379 5.612287221332211
	12.087185204312448 -3.0968294860380086 5.601170807443732
	12.071992329460256 -3.1011905401108266 5.589984692024234
	12.0568226523557 -3.105555532389975 5.57872835139619
	12.0416760977435 -3.1099245390091226 5.567401262532169
	12.026552591409462 -3.114297636978595 5.556002903265467
	12.011452060224482 -3.1186749041904243 5.544532752494204
	11.996374432189489 -3.123056419423358 5.53299029040882
	11.981319636482858 -3.1274422623473157 5.521374998711412
	11.966287603506697 -3.131832513528425 5.5096863608486215
	11.95127826493552 -3.1362272544335448 5.497923862253127
	11.936291553766265 -3.1406265674345977 5.486086990583229
	11.92132740436996 -3.1450305358126167 5.474175235981628
	11.906385752541178 -3.149439243762704 5.462188091327089
	11.89146653555437 -3.15385277639707 5.450125052507151
	11.876569692216263 -3.1582712197495306 5.437985618683391
	11.861695162922263 -3.162694660778967 5.425769292577666
	11.846842889713997 -3.167123187372652 5.413475580752395
	11.832012816335478 -3.1715568883502407 5.401103993907706
	11.817204888296578 -3.1759958534656563 5.388654047181084
	11.802419052928983 -3.1804401734115904 5.376125260449056
	11.787655259451876 -3.1848899398211254 5.36351715864987
	11.772913459036332 -3.189345245269982 5.350829272095188
	11.758193604865069 -3.1938061832804583 5.338061136804027
	11.743495652205235 -3.198272848321416 5.322910005752022
	11.72881955847176 -3.2027453358114863 5.293429847542475
	11.714165283297886 -3.207223742120183 5.263760415743625
	11.69953278860653 -3.2117081645689387 5.233903418321161
	11.684922038681286 -3.2161987014324547 5.203860569326276
	11.670333000240397 -3.220695451939275 5.173633588637843
	11.655765642512028 -3.2251985162721333 5.1432242017032666
	11.64121993731003 -3.22970799556831 5.11263413927741
	11.626695859113882 -3.234223991918798 5.081865137162647
	11.612193385145812 -3.23874660836857 5.05091893594477
	11.597712495453873 -3.243275948915046 5.019797280730968
	11.583253172993716 -3.247812118507139 4.988501920886018
	11.568815403714625 -3.2523552230430455 4.95703460976718
	11.554399176641208 -3.256905369369624 4.925397104460327
	11.540004483966852 -3.2614626652779672 4.893591165514806
	11.52563132113805 -3.266027219502157 4.8616185566781995
	11.511279686947383 -3.270599141715239 4.829481044631267
	11.49694958362516 -3.2751785425257336 4.79718039872419
	11.482641016933353 -3.279765533473476 4.764718390710958
	11.468353996262133 -3.284360227024645 4.73209679448621
	11.454088534725836 -3.288962736567059 4.699317385822048
	11.43984464926336 -3.293573176404007 4.666381942105745
	11.425622360736206 -3.2981916617489437 4.633292242077907
	11.411421694033828 -3.302818308717676 4.600050065573458
	11.397242678176505 -3.3074532343214185 4.566657193261465
	11.383085346417195 -3.312096556460217 4.533115406389533
	11.368949736355914 -3.3167483939119684 4.4994264865261355
	11.354835890041006 -3.321408866325986 4.465592215309112
	11.3407438540845 -3.3260780942115664 4.431614374192226
	11.32667367977177 -3.3307561989284906 4.397494744196405
	11.312625423175902 -3.3354433026757415 4.363235105662727
	11.29859914527283 -3.3401395284798423 4.328837238007579
	11.284594912057985 -3.3448450001824996 4.294302919480492
	11.270612794663576 -3.349559842427865 4.259633926926102
	11.256652869481316 -3.3542841806476202 4.224832035547113
	11.24271521827855 -3.359018141048249 4.189899018672845
	11.228799928328343 -3.3637618505929745 4.154836647529252
	11.214907092525449 -3.3685154369885684 4.119646691013348
	11.2010368095191 -3.3732790286657113 4.0843309154717975
	11.187189183835063 -3.3780527547629227 4.048891084482918
	11.173364326007695 -3.382836745106458 4.0133289586430445
	11.159562352705185 -3.3876311301923008 3.977646295356823
	11.145783386866103 -3.3924360411635153 3.941844848632369
	11.132027557826653 -3.3972516097905587 3.9059263688808494
	11.118295001455994 -3.402077968448086 3.869892602721694
	11.104585860291445 -3.406915250091188 3.833745292790633
	11.090900283671115 -3.4117635882320205 3.7974861775554114
	11.07723842787327 -3.4166231169132164 3.7611169911349656
	11.063600456252695 -3.4214939706817318 3.72463946312543
	11.049986539376782 -3.426376284562054 3.688055318429655
	11.036396855167997 -3.4312701940261565 3.651366277094986
	11.022831589040191 -3.4361758349649842 3.61457405415547
	11.009290934041015 -3.441093343656642 3.5776803594792317
	10.99577509099159 -3.4460228567347158 3.5406868976248305
	10.982284268626092 -3.4509645111555964 3.5035953677004326
	10.968818683737684 -3.455918444162212 3.4664074632321173
	10.955378561314092 -3.460884793250727 3.429124872037126
	10.941964134684499 -3.465863696131528 3.3917492761047057
	10.928575645657494 -3.4708552906925014 3.3542823514824467
	10.915213344665117 -3.47585971495853 3.3167257681717746
	10.90187749090306 -3.4808771070511133 3.2790811900269112
	10.888568352470722 -3.4859076051465543 3.2413502746648812
	10.87528620651283 -3.4909513474319653 3.203534673379261
	10.862031339359945 -3.49600847206004 3.165636031063205
	10.848804046663618 -3.501079117104343 3.127655986138791
	10.835604633538459 -3.506163420509923 3.0895961704945782
	10.822433414695402 -3.5112615200456694 3.0514582094290263
	10.809290714581872 -3.516373553251813 3.0132437216036156
	10.796176867507965 -3.5214996573912374 2.974954319001615
	10.783092217787202 -3.526639969392462 2.936591606894711
	10.770037119861355 -3.5317946257971093 2.8981571838191824
	10.75701193842993 -3.53696376270306 2.8596526415559844
	10.744017048579071 -3.5421475157053464 2.8210795651225946
	10.731052835900153 -3.547346019838978 2.7824395327695726
	10.718119696617086 -3.552559409515284 2.743734115985586
	10.705218037698081 -3.5577878184622733 2.7049648795112615
	10.692348276977231 -3.5630313796578013 2.666133381358781
	10.679510843259838 -3.568290225266894 2.6272411728410634
	10.666706176436936 -3.5735644865719096 2.5882897986057807
	10.653934727584444 -3.578854293906279 2.5492807966814452
	10.641196959067289 -3.5841597765827258 2.5102156985256365
	10.628493344635226 -3.5894810628216987 2.4710960290844777
	10.615824369510142 -3.5948182796801467 2.4319233068593427
	10.603190530480619 -3.6001715529732152 2.392699043978526
	10.590592335976273 -3.6055410072013947 2.353424746278079
	10.578030306149971 -3.6109267654700807 2.314101913390124
	10.563630967211296 -3.6172207268104577 2.2747320388372327
	10.53591329344016 -3.6294381324357894 2.2353166101335327
	10.508409190944848 -3.641686211321776 2.1958571088948546
	10.481119779983118 -3.6539648713334234 2.1563550109526726
	10.454046162822355 -3.6662740169180434 2.1168117864777387
	10.427189423709583 -3.6786135490981255 2.0772289001075275
	10.400550628847089 -3.6909833654652493 2.0376078110823816
	10.374130826373102 -3.7033833601753314 1.9979499733864936
	10.347931046349832 -3.7158134239441005 1.9582568358955934
	10.321952300754875 -3.7282734440448735 1.9185298425309907
	10.296195583480664 -3.7407633043063058 1.8787704324178858
	10.270661870338925 -3.7532828851116746 1.83898004005164
	10.245352119070631 -3.7658320633995372 1.7991600954678408
	10.220267269363088 -3.7784107126648863 1.759312024417768
	10.195408242872436 -3.7910187029617926 1.7194372485500011
	10.170775943252233 -3.8036559009071738 1.6795371855961194
	10.146371256188349 -3.8163221696856224 1.6396132495614018
	10.122195049440766 -3.82901736905495 1.5996668509191356
	10.098248172890168 -3.8417413553536788 1.559699396811793
	10.074531458592112 -3.8544939815089334 1.5197122912530239
	10.051045720837012 -3.867275097045715 1.4797069353362367
	10.027791756216475 -3.880084548097281 1.4396847274445386
	10.00477034369567 -3.8929221774168417 1.3996470634668703
	9.981982244693038 -3.9057878243897566 1.3595953370147558
	9.959428203164842 -3.91868132504777 1.3368092944669483
	9.93710894569789 -3.931602512083215 1.2801300026305689
	9.915025181606428 -3.944551214865695 1.2550294143436949
	9.893177603037854 -3.957527259458258 1.2299288260568209
	9.871566885082457 -3.9705304686361202 1.204828237769947
	9.850193685890893 -3.9835606619055355 1.179727649483073
	9.829058646797534 -3.9966176555239534 1.154627061196199
	9.808162392449843 -4.009701262521364 1.129526472909325
	9.78750553094391 -4.022811292722696 1.104425884622451
	9.767088653966805 -4.035947552770762 1.079325296335577
	9.746912336943824 -4.049109846150995 1.054224708048703
	9.726977139193068 -4.062297973216298 1.029124119761829
	9.707283604084905 -4.075511731213572 1.004023531474955
	9.687832259207743 -4.088750914310913 0.9789229431880812
	9.668623616539758 -4.102015313625594 0.9538223549012073
	9.649658172626118 -4.115304717253129 0.9287217666143334
	9.630936408761878 -4.128618910297172 0.9036211783274596
	9.61245879118026 -4.141957674900383 0.8785205900405857
	9.594225771246505 -4.155320790276003 0.8534200017537118
	9.576237785657002 -4.168708032740307 0.8283194134668379
	9.558495256643823 -4.182119175745557 0.803218825179964
	9.540998592183534 -4.195553989914485 0.7781182368930901
	9.523748186211956 -4.209012243074583 0.7530176486062163
	9.506744418842958 -4.222493700293768 0.7279170603193424
	9.489987656592456 -4.235998123916211 0.7028164720324686
	9.473478252606128 -4.249525273599575 0.6777158837455947
	9.45721654689242 -4.2630749063519575 0.6526152954587208
	9.441202866559184 -4.2766467765699465 0.6275147071718469
	9.425437526054035 -4.290240636077544 0.6024141188849731
	9.409920827409579 -4.303856234164606 0.5773135305980992
	9.39465306049103 -4.317493317627016 0.5522129423112253
	9.379634503248331 -4.331151630806368 0.5271123540243514
	9.364865421970949 -4.344830915630635 0.5020117657374775
	9.350346071546154 -4.358530911654915 0.47691117745060363
	9.336076695719735 -4.372251356103002 0.4518105891637298
	9.322057527360174 -4.385991983908473 0.4267100008768559
	9.308288788724212 -4.399752527757339 0.401609412589982
	9.294770691725903 -4.413532718129545 0.37650882430310817
	9.281503438206723 -4.427332283341936 0.3514082360162343
	9.268487220208108 -4.441150949590701 0.3263076477293604
	9.255722220245342 -4.454988440994346 0.30120705944248655
	9.243208611583057 -4.468844479636537 0.27610647115561265
	9.23094655851147 -4.482718785609607 0.25100588286873876
	9.218936216624137 -4.496611077057369 0.2259052945818649
	9.207177733095879 -4.510521070218679 0.200804706294991
	9.195671246961277 -4.524448479470908 0.17570411800811714
	9.184416889393805 -4.538393017372746 0.15060352972124327
	9.173414783984049 -4.552354394708309 0.12550294143436938
	9.162665047018619 -4.566332320529722 0.10040235314749552
	9.15216778775782 -4.580326502200694 0.07530176486062165
	9.141923108712774 -4.594336645439695 0.05020117657374776
	9.131931105921742 -4.608362454362596 0.02510058828687388
