 1000
	6.0 0.0
	6.001952767797213 0.02510058828687388
	6.003905535594426 0.05020117657374776
	6.005858303391639 0.07530176486062165
	6.0078110711888515 0.10040235314749552
	6.009763838986064 0.12550294143436938
	6.011716606783278 0.15060352972124327
	6.01366937458049 0.17570411800811714
	6.015622142377703 0.200804706294991
	6.017574910174916 0.2259052945818649
	6.019527677972129 0.25100588286873876
	6.021480445769342 0.27610647115561265
	6.023433213566555 0.30120705944248655
	6.025385981363767 0.3263076477293604
	6.027338749160981 0.3514082360162343
	6.029291516958193 0.37650882430310817
	6.031244284755407 0.401609412589982
	6.0331970525526195 0.4267100008768559
	6.035149820349832 0.4518105891637298
	6.037102588147045 0.47691117745060363
	6.039055355944258 0.5020117657374775
	6.041008123741471 0.5271123540243514
	6.042960891538684 0.5522129423112253
	6.044913659335896 0.5773135305980992
	6.04686642713311 0.6024141188849731
	6.0488191949303225 0.6275147071718469
	6.050771962727536 0.6526152954587208
	6.052724730524748 0.6777158837455947
	6.054677498321961 0.7028164720324686
	6.056630266119174 0.7279170603193424
	6.0585830339163875 0.7530176486062163
	6.060535801713599 0.7781182368930901
	6.062488569510813 0.803218825179964
	6.0644413373080255 0.8283194134668379
	6.066394105105239 0.8534200017537118
	6.068346872902452 0.8785205900405857
	6.070299640699663 0.9036211783274596
	6.072252408496877 0.9287217666143334
	6.07420517629409 0.9538223549012073
	6.076157944091303 0.9789229431880812
	6.078110711888516 1.004023531474955
	6.0800634796857285 1.029124119761829
	6.082016247482941 1.054224708048703
	6.083969015280155 1.079325296335577
	6.085921783077367 1.104425884622451
	6.08787455087458 1.129526472909325
	6.089827318671793 1.154627061196199
	6.091780086469006 1.179727649483073
	6.093732854266219 1.204828237769947
	6.095685622063432 1.2299288260568209
	6.097638389860644 1.2550294143436949
	6.099591157657858 1.2801300026305689
	6.10245992304636 1.3788300995168532
	6.104682229400977 1.3986194846486069
	6.107760335882802 1.458643059633004
	6.111261015971086 1.5186296957536634
	6.115183901928152 1.5785764187615412
	6.1195286050874 1.638480257755294
	6.124294715882331 1.6983382453309916
	6.129481803876378 1.7581474177255358
	6.135089417794014 1.8179048149662225
	6.141117085552642 1.8776074810146723
	6.147564314295891 1.9372524639167743
	6.15443059042745 1.9968368159446956
	6.16171537964629 2.0563575937445386
	6.169418126982803 2.1158118584815866
	6.177538256836008 2.1751966759858616
	6.186075173011579 2.2345091168954627
	6.195028258761106 2.293746256801976
	6.204396876822456 2.3529051763957773
	6.214180369460646 2.4119829616071176
	6.224378058510367 2.4709767037522057
	6.234989245419096 2.529883499675358
	6.2460132112912925 2.588700451891663
	6.257449216933803 2.647424668730608
	6.269296502901731 2.706053264475987
	6.2815542895461665 2.764583359510725
	6.294221777061829 2.8230120804549603
	6.307298145536921 2.8813365603107
	6.320782555002715 2.939553938599156
	6.334674145485017 2.997661361502577
	6.348972037056507 3.0556559820050078
	6.363675329889587 3.1135349600302273
	6.378783104310257 3.171295462579926
	6.394294420853965 3.228934663875745
	6.410208320321222 3.286449745495417
	6.4265238238339775 3.3438378965080413
	6.443239932895089 3.4010963136175114
	6.460355629445726 3.4582222012932022
	6.477869875926269 3.5152127719104684
	6.495781615336566 3.572065245884347
	6.514089771298303 3.6287768518072454
	6.532793248117155 3.6853448265818307
	6.551890930846554 3.741766415556073
	6.57138168535301 3.7980388726595975
	6.591264358380304 3.8541594605329155
	6.61153777761749 3.910125450665402
	6.632200751765198 3.9659341235244145
	6.6532520706042195 4.0215827686882415
	6.674690505065284 4.07706868497922
	6.696514807298295 4.132389180592097
	6.718723710744186 4.187541573226831
	6.741315930206476 4.242523190217384
	6.764290161924401 4.297331368661845
	6.787645083646136 4.3519634555498605
	6.811379354704654 4.406416807894072
	6.835491616091567 4.460688792853473
	6.859980490535323 4.514776787865051
	6.884844582577224 4.568678180767143
	6.910082478650369 4.622390369927314
	6.935692747158325 4.675910764366846
	6.961673938555585 4.729236783886776
	6.98802458542733 4.782365859189844
	7.014743202572774 4.835295432007858
	7.0418282870859095 4.888022955220844
	7.069278318439931 4.940545892981806
	7.097091758571702 4.992861720839011
	7.125267051965538 5.044967925854531
	7.153802625740472 5.09686200672764
	7.182696889736188 5.148541473913102
	7.2119482366013 5.200003849741832
	7.241555041880409 5.251246668537006
	7.271515664104855 5.302267476735003
	7.301828444881922 5.353063833001149
	7.332491708985743 5.403633308346522
	7.363503764448773 5.453973486243673
	7.394862902654542 5.504081962742528
	7.426567398430802 5.55395634658482
	7.458615510143697 5.603594259318313
	7.491005479792079 5.6529933354091995
	7.523735533103028 5.70215122235462
	7.5568038796292685 5.751065580796191
	7.590208712844705 5.799734084628593
	7.623948210243876 5.848154421112492
	7.658020533439354 5.896324290982249
	7.692423828261514 5.944241408555535
	7.727156224859055 5.991903501842103
	7.7622158377997055 6.0393083126510065
	7.797600766170731 6.086453596695787
	7.833309093683811 6.133337123704084
	7.869338888774823 6.179956677518243
	7.905688204710694 6.226310056204107
	7.942355079691418 6.272395072151311
	7.979337536957372 6.3182095521791215
	8.016633584893535 6.363751337636347
	8.054241217136905 6.40901828450385
	8.092158412683803 6.454008263495174
	8.130383135997908 6.498719160156461
	8.168913337117814 6.5431488749641105
	8.207746951768414 6.587295323425623
	8.246881901469335 6.6311564361750746
	8.286316093645743 6.674730159069998
	8.326047421740117 6.718014453287758
	8.366073765324575 6.76100729542098
	8.406392990212089 6.8037066775701645
	8.447002948571116 6.846110607438684
	8.487901479039586 6.888217108425383
	8.529086406837337 6.930024219714097
	8.570555543884451 6.971529996368006
	8.612306688914284 7.012732509416773
	8.654337627591069 7.053629845947109
	8.696646132626736 7.094220109190991
	8.739229963898271 7.134501418613
	8.765725307197247 7.158235240925416
	8.787694557019732 7.177239901957412
	8.809666302456282 7.196072386354181
	8.831639491865669 7.214734134585524
	8.853613106448861 7.2332265915730325
	8.875586159772867 7.251551205951022
	8.897557697319698 7.2697094293804545
	8.919526795993338 7.287702715850249
	8.941492563650616 7.30553252102837
	8.963454138618046 7.3232003016252145
	8.985410689195554 7.340707514769826
	9.007361413178366 7.358055617426883
	9.029305537348963 7.3752460658093355
	9.051242316997286 7.392280314839058
	9.07317103540887 7.409159817599912
	9.095091003382713 7.425886024838096
	9.117001558718625 7.4424603844551305
	9.13890206573173 7.45888434104388
	9.160791914748694 7.475159335426722
	9.182670521609015 7.491286804215814
	9.204537327183347 7.507268179404661
	9.22639179686049 7.523104887949049
	9.248233420074682 7.53879835139772
	9.270061709805997 7.55434998551494
	9.291876202102763 7.569761199935694
	9.313676455589196 7.585033397822103
	9.335462050994938 7.600167975550799
	9.357232590677553 7.61516632240672
	9.378987698148102 7.6300298202912
	9.400727017605671 7.6447598434484565
	9.422450213476875 7.659357758206646
	9.444156969951678 7.673824922726147
	9.465846990538491 7.688162686772601
	9.487519997603403 7.702372391486753
	9.50917573194071 7.716455369187235
	9.530813952324122 7.730412943166583
	9.552434435077389 7.744246427510048
	9.574036973649362 7.757957126925032
	9.595621378187086 7.771546336576028
	9.617187475127402 7.785015341939977
	9.638735106778658 7.7983654186604445
	9.660264130921185 7.811597832421545
	9.681774420411234 7.824713838829763
	9.703265862781926 7.83771468329883
	9.724738359863615 7.850601600953425
	9.746191827401884 7.863375816535647
	9.767626194679133 7.876038544318323
	9.789041404158002 7.888590988037611
	9.81043741110707 7.901034340816796
	9.831814183255664 7.91336978511384
	9.853171700436459 7.925598492663548
	9.874509954253838 7.937721624440338
	9.895828947731083 7.949740330609198
	9.917128694998636 7.961655750506988
	9.938409220953192 7.973469012606181
	9.959670560951306 7.985181234503839
	9.980912760490646 7.99679352290409
	10.002135874906287 8.00830697361221
	10.023339969070886 8.019722671532687
	10.044525117100797 8.031041690672398
	10.065691402066168 8.042265094147506
	10.086838915714088 8.053393934199654
	10.107967758181015 8.064429252206185
	10.12907803773906 8.075372078712453
	10.150169870514851 8.086223433447337
	10.171243380238582 8.096984325358186
	10.192298697992642 8.107655752645648
	10.213335961956501 8.118238702796381
	10.234355317169864 8.128734152627077
	10.25535691529221 8.139143068326163
	10.276340914373879 8.149466405502418
	10.297307478627516 8.15970510923344
	10.318256778206855 8.16986011411831
	10.339188988992056 8.179932344333604
	10.360104292373554 8.189922713688128
	10.381002875056492 8.199832125689092
	10.401884928846119 8.209661473596515
	10.422750650460689 8.219411640492954
	10.443600241335865 8.229083499347464
	10.464433907439757 8.238677913084851
	10.485251859086155 8.248195734652997
	10.506054310762094 8.257637807097364
	10.526841480950125 8.267004963631502
	10.547613591960806 8.276298027712219
	10.568370869767293 8.285517813114888
	10.589113543843615 8.294665124009596
	10.609841847010415 8.303740755040302
	10.630556015280648 8.312745491402703
	10.651256287707993 8.321680108922415
	10.671942906251736 8.330545374140742
	10.692616115621638 8.339342044388406
	10.713276163152107 8.348070867873705
	10.733923298666896 8.35673258376417
	10.754557774341459 8.365327922265724
	10.775179844587392 8.373857604712066
	10.795789765920775 8.382322343644198
	10.816387796847176 8.390722842897262
	10.83697419774411 8.399059797684624
	10.857549230746427 8.407333894682019
	10.878113159640943 8.415545812114997
	10.898666249752882 8.423696219840744
	10.919208767847712 8.431785779436273
	10.939740982028619 8.439815144282873
	10.96026316163779 8.447784959651099
	10.980775577161113 8.455695862785902
	11.001278500138264 8.463548482993042
	11.021772203070702 8.471343441722901
	11.042256959335337 8.479081352655685
	11.06273304310039 8.486762821786181
	11.08320072924364 8.494388447508209
	11.103660293274341 8.501958820699366
	11.124112011253931 8.509474524803721
	11.144556159721358 8.516936135915302
	11.164993015624564 8.524344222862988
	11.185422856245498 8.531699347290939
	11.205845959136228 8.539002063742775
	11.226262602053357 8.546252919743502
	11.246673062887146 8.553452455877649
	11.26707761961193 8.56060120587571
	11.287476550218152 8.567699696690779
	11.307870132654733 8.574748448578525
	11.328258644778249 8.581747975178851
	11.34864236429576 8.588698783593285
	11.369021568712348 8.595601374463142
	11.389396535282694 8.602456242048143
	11.409767540960269 8.609263874302602
	11.430134862353832 8.616024752953505
	11.450498775677609 8.622739353574502
	11.470859556711051 8.629408145662783
	11.491217480755285 8.636031592713186
	11.51157282259246 8.642610152292296
	11.53192585644597 8.64914427611164
	11.552276855945289 8.655634410101584
	11.572626094084567 8.662080994481338
	11.592973843192967 8.668484463832693
	11.613320374897794 8.67484524716949
	11.633665960092364 8.681163768007865
	11.654010868905988 8.687440444436199
	11.67435537067066 8.693675689182506
	11.694699733898233 8.699869909684963
	11.715044226246272 8.70602350815666
	11.735389114495671 8.712136881653981
	11.755734664522748 8.718210422141663
	11.776081141277992 8.724244516559358
	11.796428808757105 8.730239546884059
	11.816777929985646 8.736195890196841
	11.837128766991485 8.742113918743664
	11.857481580787882 8.747993999999368
	11.877836631352755 8.753836496729074
	11.898194177608461 8.759641767048766
	11.918554477408536 8.765410164487575
	11.938917787514564 8.771142038045191
	11.95928436358497 8.77683773225293
	11.979654460157727 8.782497587231438
	12.000028330635637 8.788121938748414
	12.020406227270525 8.793711118275017
	12.040788401156947 8.799265453044832
	12.061175102210571 8.804785266106222
	12.081566579162157 8.810270876379574
	12.101963079547273 8.815722598712025
	12.122364849690692 8.82114074392935
	12.142772134702028 8.826525618891127
	12.163185178462427 8.831877526541719
	12.183604223619385 8.837196765963379
	12.204029511575921 8.84248363242646
	12.224461282483889 8.847738417440311
	12.244899775237757 8.852961408803484
	12.265345227468725 8.858152890653274
	12.285797875535657 8.863313143513313
	12.306257954522327 8.868442444342657
	12.3267256982336 8.873541066583668
	12.347201339186409 8.878609280207328
	12.367685108609992 8.883647351761073
	12.388177236440834 8.888655544413975
	12.408677951316847 8.893634118000993
	12.429187480579943 8.898583329069368
	12.449706050268908 8.903503430920969
	12.470233885118942 8.908394673656266
	12.490771208560059 8.913257304217163
	12.511318242715564 8.91809156642924
	12.531875208401015 8.92289770104345
	12.552442325123778 8.927675945777382
	12.573019811081231 8.932426535355411
	12.593607883164106 8.937149701549924
	12.614206756952216 8.941845673219389
	12.6348166467185 8.946514676348578
	12.655437765428289 8.951156934086557
	12.676070324740174 8.955772666784659
	12.696714535007699 8.960362092034103
	12.717370605281314 8.964925424703107
	12.738038743309936 8.969462876973338
	12.758719155541936 8.973974658375562
	12.779412047128815 8.978460975825653
	12.800117621927454 8.982922033659563
	12.820836082501524 8.9873580336675
	12.84156763012546 8.9917691751284
	12.862312464788381 8.996155654843815
	12.883070785193874 9.000517667170058
	12.903842788767879 9.004855404052314
	12.924628671659267 9.009169055056002
	12.945428628743885 9.01345880739873
	12.966242853630291 9.017724845982265
	12.987071538661398 9.021967353422797
	13.007914874919033 9.026186510081617
	13.028773052231612 9.030382494096266
	13.049646259173093 9.03455548140861
	13.07053468307203 9.038705645795519
	13.091438510013315 9.042833158896885
	13.112357924846807 9.046938190245289
	13.13329311118644 9.051020907292404
	13.154244251420762 9.055081475438369
	13.175211526716176 9.05912005805857
	13.196195117018979 9.063136816529733
	13.217195201068368 9.067131910258713
	13.238211956391757 9.071105496705872
	13.259245559319233 9.075057731413503
	13.280296184984167 9.078988768029948
	13.301364007329987 9.082898758335075
	13.322449199115686 9.08678785226506
	13.343551931923223 9.090656197937298
	13.36467237616051 9.094503941673755
	13.385810701069653 9.09833122802541
	13.406967074732481 9.102138199795613
	13.428141664075033 9.105924998062811
	13.449334634875187 9.109691762203797
	13.470546151768218 9.113438629916079
	13.49177637825483 9.11716573724057
	13.513025476701609 9.120873218581929
	13.534293608355028 9.124561206732242
	13.555580933341425 9.128229832890618
	13.57688761067722 9.131879226685207
	13.59821379827221 9.135509516193112
	13.619559652938326 9.139120827961413
	13.640925330395318 9.14271328702712
	13.662310985276202 9.146287016936753
	13.68371677113372 9.14984213976594
	13.70514284044965 9.153378776139435
	13.726589344636528 9.156897045248938
	13.748056434047955 9.160397064872834
	13.769544257983119 9.163878951394201
	13.7910529646939 9.167342819819211
	13.812582701391241 9.170788783795086
	13.83413361425131 9.174216955627745
	13.855705848423518 9.177627446299695
	13.877299548033648 9.181020365486416
	13.898914856194622 9.184395821574453
	13.920551915009945 9.187753921677404
	13.942210865579975 9.191094771652432
	13.963891848011848 9.194418476117395
	13.985595001422807 9.197725138466167
	14.007320463944733 9.201014860884017
	14.029068372738815 9.204287744365251
	14.050838863991224 9.207543888726
	14.072632072927915 9.210783392621467
	14.094448133817579 9.214006353560064
	14.116287179977693 9.217212867918128
	14.138149343782565 9.220403030954888
	14.160034756668432 9.223576936826534
	14.181943549140577 9.226734678600575
	14.203875850778497 9.229876348269556
	14.22583179024567 9.23300203676564
	14.247811495290083 9.236111833972851
	14.269815092755533 9.23920582874167
	14.2918427085864 9.242284108901895
	14.31389446783385 9.245346761275677
	14.335970494659833 9.248393871689878
	14.358070912348223 9.251425524989871
	14.380195843305994 9.254441805050929
	14.402345409073568 9.257442794791487
	14.424519730326155 9.26042857618425
	14.446718926885433 9.263399230269437
	14.468943117721729 9.266354837165741
	14.491192420960846 9.269295476082178
	14.513466953891282 9.272221225329853
	14.535766832968797 9.275132162333014
	14.558092173823095 9.27802836364039
	14.580443091265296 9.280909904936575
	14.60281969928951 9.283776861051972
	14.625222111083778 9.286629305974653
	14.647650439032901 9.289467312860257
	14.670104794725932 9.292290954042848
	14.69258528895893 9.29510030104454
	14.71509203174567 9.29789542458674
	14.737625132318994 9.300676394599222
	14.760184699139192 9.303443280230612
	14.782770839897964 9.306196149857756
	14.805383661524989 9.308935071095574
	14.828023270193675 9.311660110806548
	14.850689771327268 9.314371335110218
	14.873383269601126 9.317068809391735
	14.896103868954066 9.319752598312181
	14.918851672587756 9.322422765816295
	14.94162678297701 9.32507937514234
	14.964429301871801 9.327722488830156
	14.987259330305028 9.330352168730267
	15.01011696859597 9.332968476012011
	15.03300231635817 9.33557147117246
	15.055915472500892 9.338161214043916
	15.078856535238671 9.340737763802966
	15.101825602093738 9.343301178977972
	15.12482276990185 9.345851517457152
	15.147848134817513 9.34838883649645
	15.17090179232005 9.350913192727447
	15.193983837216978 9.353424642164684
	15.217094363650896 9.35592324021353
	15.24023346510211 9.358409041677174
	15.263401234397021 9.360882100764599
	15.286597763709926 9.363342471097223
	15.309823144570332 9.365790205716483
	15.333077467864753 9.36822535709031
	15.356360823845934 9.370647977120887
	15.379673302134323 9.373058117150894
	15.403014991724193 9.375455827970502
	15.42638598098724 9.377841159823856
	15.449786357679121 9.380214162415985
	15.473216208943452 9.382574884919183
	15.496675621315227 9.384923375979188
	15.520164680728007 9.387259683721993
	15.543683472515035 9.389583855759435
	15.567232081417941 9.391895939196143
	15.590810591587905 9.394195980634978
	15.614419086591301 9.396484026183265
	15.638057649415327 9.398760121458908
	15.661726362470173 9.401024311595854
	15.68542530759564 9.403276641250226
	15.709154566063626 9.405517154605706
	15.732914218584227 9.407745895379442
	15.756704345308865 9.409962906827413
	15.780525025835438 9.412168231750021
	15.804376339210721 9.414361912497196
	15.828258363937378 9.416543990974194
	15.8521711779756 9.418714508646437
	15.876114858749954 9.42087350654514
	15.900089483149614 9.423021025271796
	15.924095127536214 9.425157105003855
	15.948131867747337 9.427281785499636
	15.972199779096849 9.429395106102609
	15.996298936384788 9.431497105747273
	16.02042941389654 9.433587822963123
	16.044591285408753 9.435667295879746
	16.068784624193277 9.437735562231484
	16.09300950302091 9.439792659362034
	16.11726599416425 9.441838624228843
	16.14155416940364 9.443873493407947
	16.165874100029164 9.445897303098121
	16.190225856844563 9.447910089125285
	16.214609510171783 9.449911886946973
	16.239025129854703 9.451902731656585
	16.263472785261165 9.453882657987362
	16.287952545288835 9.455851700316893
	16.312464478368113 9.457809892671099
	16.33700865246437 9.459757268728097
	16.361585135083022 9.461693861822429
	16.386193993273235 9.46361970494904
	16.41083529362961 9.465534830766902
	16.435509102298365 9.467439271603293
	16.460215484977805 9.469333059457126
	16.48495450692472 9.471216226003172
	16.509726232954996 9.473088802595338
	16.534530727449205 9.474950820270669
	16.55936805435459 9.476802309752758
	16.58423827718919 9.47864330145543
	16.609141459044015 9.480473825486108
	16.63407766258852 9.482293911649615
	16.65904695007107 9.4841035894512
	16.68404938332381 9.485902888100181
	16.709085023766306 9.48769183651335
	16.734153932406684 9.489470463317993
	16.75925616984735 9.491238796855539
	16.78439179628548 9.492996865184386
	16.809560871518777 9.49474469608349
	16.83476345494621 9.49648231705517
	16.85999960557167 9.498209755328293
	16.885269382008925 9.499927037861642
	16.910572842481354 9.50163419134645
	16.935910044827047 9.503331242209729
	16.961281046502627 9.505018216617312
	16.98668590458241 9.506695140476275
	17.012124675765037 9.508362039438323
	17.0375974163757 9.510018938902547
	17.0631041823667 9.511665864017928
	17.088645029323445 9.513302839686533
	17.114220012464113 9.514929890565835
	17.13982918664543 9.516547041071844
	17.165472606362904 9.518154315381409
	17.191150325755693 9.519751737435172
	17.216862398607212 9.52133933093988
	17.242608878349355 9.522917119371177
	17.26838981806537 9.52448512597617
	17.29420527049053 9.526043373775682
	17.320055288016885 9.527591885567015
	17.345939922694896 9.529130683926285
	17.37185922623646 9.530659791210889
	17.397813250016505 9.532179229561779
	17.423802045076684 9.53368902090598
	17.449825662127143 9.535189186958819
	17.475884151549884 9.536679749226353
	17.501977563399866 9.538160729007469
	17.528105947408243 9.539632147396226
	17.5542693529863 9.541094025284286
	17.58046782922412 9.542546383362618
	17.606701424896784 9.543989242124164
	17.6329701884647 9.545422621865722
	17.659274168077182 9.546846542690206
	17.685613411572586 9.548261024508477
	17.711987966483797 9.549666087041807
	17.73839788003734 9.551061749823512
	17.764843199158502 9.552448032201337
	17.7913239704718 9.553824953339216
	17.817840240303244 9.555192532219255
	17.844392054683645 9.556550787643811
	17.870979459350007 9.557899738237307
	17.89760249974842 9.55923940244822
	17.924261221034023 9.560569798550702
	17.950955668077274 9.561890944646931
	17.97768588546193 9.563202858668426
	18.004451917490155 9.564505558378238
	18.031253808181827 9.5657990613724
	18.058091601279997 9.56708338508209
	18.08496534025018 9.568358546775071
	18.11187506828342 9.569624563557513
	18.138820828297877 9.570881452375653
	18.16580266294303 9.572129230017767
	18.192820614597753 9.573367913115334
	18.21987472537555 9.574597518145097
	18.24696503712558 9.575818061430562
	18.274091591434136 9.577029559143565
	18.301254429626848 9.578232027305885
	18.328453592770945 9.57942548179086
	18.355689121676512 9.580609938324859
	18.382961056899475 9.581785412488951
	18.410269438741803 9.58295191972023
	18.437614307255092 9.584109475313502
	18.464995702241797 9.585258094422711
	18.492413663255753 9.586397792062245
	18.519868229606438 9.58752858310867
	18.54735944035886 9.588650482301935
	18.57488733433602 9.589763504246873
	18.602451950121015 9.59086766341463
	18.630053326057435 9.5919629741439
	18.657691500253524 9.593049450642557
	18.685366510581463 9.594127106988733
	18.71307839468001 9.59519595713226
	18.74082718995697 9.596256014896074
	18.768612933589818 9.597307293977398
	18.796435662527873 9.598349807949086
	18.824295413493402 9.59938357026085
	18.85219222298438 9.600408594240621
	18.880126127274718 9.601424893095663
	18.908097162417576 9.602432479913967
	18.93610536424502 9.603431367665276
	18.964150768370935 9.604421569202424
	18.992233410192465 9.605403097262508
	19.020353324891307 9.606375964468038
	19.048510547435132 9.607340183328084
	19.076705112579752 9.608295766239495
	19.10493705486968 9.60924272548793
	19.133206408640355 9.610181073249061
	19.16151320802014 9.611110821589728
	19.189857486930073 9.61203198246887
	19.218239279087324 9.612944567738799
	19.246658618005807 9.613848589146192
	19.275115536996708 9.614744058333068
	19.30361006917157 9.615630986837994
	19.332142247442988 9.616509386097045
	19.360712104525792 9.617379267444825
	19.389319672938726 9.618240642115488
	19.417964985006233 9.619093521243787
	19.446648072858657 9.619937915865957
	19.47536896843509 9.620773836920836
	19.50412770348384 9.62160129525074
	19.532924309563498 9.622420301602409
	19.561758818046005 9.623230866628111
	19.59063126011548 9.624033000886348
	19.61954166677099 9.624826714842914
	19.648490068828714 9.625612018871903
	19.67747649692109 9.626388923256403
	19.70650098149968 9.627157438189554
	19.73556355283606 9.627917573775388
	19.764664241023166 9.628669340029717
	19.793803075975838 9.629412746880941
	19.822980087433248 9.630147804171008
	19.852195304959597 9.630874521656212
	19.88144875794446 9.631592909007962
	19.910740475606108 9.632302975813799
	19.940070486990294 9.633004731577985
	19.96943882097331 9.633698185722515
	19.99884550626225 9.634383347587798
	20.0282905713968 9.635060226433536
	20.057774044749245 9.63572883143939
	20.087295954527193 9.636389171705913
	20.116856328773338 9.637041256255172
	20.146455195367896 9.637685094031651
	20.17609258202853 9.638320693902868
	20.205768516312766 9.638948064660257
	20.23548302561703 9.639567215019706
	20.265236137180327 9.640178153622529
	20.29502787808389 9.64078088903603
	20.324858275251678 9.6413754297542
	20.354727355453466 9.64196178419856
	20.384635145304106 9.642539960718736
	20.414581671265044 9.643109967593158
	20.44456695964568 9.643671813029794
	20.474591036604725 9.644225505166835
	20.504653928149917 9.644771052073253
	20.534755660141276 9.645308461749657
	20.564896258289277 9.645837742128702
	20.595075748158333 9.646358901075937
	20.625294155166927 9.646871946390382
	20.655551504587713 9.647376885805084
	20.68584782155028 9.647873726987882
	20.716183131040562 9.648362477541909
	20.74655745790278 9.648843145006273
	20.776970826839815 9.649315736856627
	20.807423262414787 9.649780260505805
	20.837914789051535 9.650236723304387
	20.86844543103529 9.650685132541266
	20.899015212514644 9.651125495444303
	20.929624157501294 9.651557819180821
	20.960272289872083 9.651982110858247
	20.99095963336882 9.652398377524598
	21.02168621160016 9.652806626169117
	21.052452048042014 9.65320686372277
	21.083257166037722 9.653599097058768
	21.11410158880137 9.653983332993247
	21.144985339415502 9.654359578285606
	21.175908440834313 9.654727839639179
	21.206870915883584 9.65508812370171
	21.237872787261377 9.655440437065838
	21.2689140775398 9.655784786269693
	21.299994809165014 9.656121177797338
	21.331115004458194 9.656449618079266
	21.362274685616683 9.65677011349294
	21.393473874714246 9.657082670363225
	21.42471259370292 9.657387294962968
	21.455990864413153 9.6576839935134
	21.48730870855361 9.657972772184573
	21.518666147715003 9.658253637096033
	21.550063203366758 9.658526594316982
	21.58149989686147 9.658791649867018
	21.61297624943356 9.659048809716435
	21.644492282200922 9.659298079786726
	21.676048016165243 9.659539465951019
	21.707643472213352 9.659772974034539
	21.73927867111712 9.659998609815002
	21.77095363353518 9.660216379023108
	21.80266838001289 9.660426287342919
	21.834422930983784 9.66062834041233
	21.866217306769542 9.660822543823441
	21.898051527581362 9.661008903123015
	21.929925613520155 9.661187423812857
	21.961839584577916 9.661358111350255
	21.99379346063822 9.661520971148386
	22.025787261475973 9.661676008576634
	22.057821006759756 9.661823228961115
	22.089894716051703 9.661962637584988
	22.12200840880723 9.66209423968881
	22.15416210437846 9.662218040471064
	22.186355822011198 9.662334045088334
	22.21858958084874 9.66244225865586
	22.25086339993161 9.662542686247846
	22.28317729819709 9.662635332897782
	22.3155312944809 9.662720203598848
	22.347925407518826 9.662797303304345
	22.380359655944993 9.662866636927909
	22.412834058294685 9.662928209343992
	22.445348633003537 9.662982025388123
	22.477903398409296 9.663028089857335
	22.510498372751623 9.66306640751044
	22.543133574172966 9.6630969830684
	22.57580902071957 9.663119821214677
	22.608524730341397 9.66313492659553
	22.64128072089358 9.66314230382039
	22.67407701013588 9.663141957462123
	22.70691361573498 9.66313389205745
	22.739790555263035 9.66311811210715
	22.77270784620027 9.663094622076486
	22.805665505934115 9.663063426395446
	22.83866355176041 9.66302452945908
	22.87170200088381 9.662977935627808
	22.90478087041902 9.662923649227745
	22.937900177390045 9.662861674550944
	22.971059938731962 9.662792015855759
	23.00426017129092 9.662714677367102
	23.037500891825157 9.66262966327677
	23.07078211700486 9.662536977743684
	23.104103863413034 9.662436624894216
	23.13746614754691 9.662328608822492
	23.170868985816583 9.662212933590594
	23.20431239454769 9.662089603228939
	23.237796389980176 9.661958621736469
	23.271320988269945 9.661819993080988
	23.30488620548953 9.661673721199412
	23.338492057627057 9.661519809998
	23.372138560588947 9.66135826335269
	23.405825730198327 9.661189085109289
	23.43955358219746 9.661012279083804
	23.473322132247098 9.660827849062658
	23.507131395926745 9.660635798802922
	23.54098138873625 9.660436132032634
	23.574872126095478 9.660228852451002
	23.608803623345295 9.660013963728671
	23.64277589574751 9.659791469507951
	23.676788958485925 9.659561373403086
	23.710842826666234 9.659323679000465
	23.7449375153175 9.659078389858907
	23.779073039391392 9.658825509509835
	23.813249413763437 9.658565041457557
	23.847466653233557 9.6582969891795
	23.881724772525633 9.658021356126381
	23.916023786289788 9.657738145722545
	23.950363709100344 9.657447361366051
	23.984744555458608 9.65714900642902
	24.0191663397921 9.656843084257781
	24.053629076455344 9.65652959817313
	24.088132779729644 9.656208551470492
	24.122677463825042 9.655879947420223
	24.157263142879312 9.655543789267746
	24.19188983095876 9.655200080233785
	24.226557542059652 9.65484882351461
	24.26126629010665 9.654490022282168
	24.296016088955728 9.654123679684382
	24.330806952392074 9.653749798845258
	24.365638894132694 9.65336838286517
	24.400511927825352 9.652979434820999
	24.435426067049583 9.652582957766361
	24.47038132531709 9.652178954731795
	24.505377716072505 9.651767428724972
	24.540415252692615 9.651348382730838
	24.575493948488173 9.650921819711868
	24.610613816703466 9.65048774260821
	24.64577487051724 9.650046154337899
	24.68097712304213 9.649597057797006
	24.71622058732648 9.649140455859866
	24.751505276353225 9.648676351379214
	24.78683120304178 9.648204747186412
	24.822198380247574 9.647725646091601
	24.857606820761553 9.64723905088384
	24.89305653731316 9.646744964331383
	24.928547542567866 9.646243389181734
	24.964079849129163 9.6457343281619
	24.9996534695386 9.645217783978527
	25.035268416276544 9.644693759318091
	25.070924701761236 9.64416225684702
	25.106622338350725 9.643623279211914
	25.142361338342152 9.643076829039668
	25.178141713972995 9.642522908937663
	25.213963477420666 9.641961521493908
	25.249826640802812 9.641392669277193
	25.285731216178558 9.640816354837277
	25.321677215548146 9.640232580705021
	25.3576646508532 9.639641349392537
	25.39369353397769 9.639042663393369
	25.429763876747565 9.63843652518261
	25.46587569093163 9.637822937217091
	25.502028988241673 9.637201901935496
	25.53822378033268 9.636573421758529
	25.574460078803305 9.63593749908905
	25.61073789519667 9.635294136312249
	25.647057240999434 9.634643335795735
	25.683418127643534 9.633985099889735
	25.719820566505813 9.633319430927209
	25.75626456890798 9.632646331223974
	25.7927501461179 9.631965803078886
	25.829277309349283 9.63127784877394
	25.865846069761552 9.630582470574419
	25.902456438461858 9.629879670729041
	25.939108426502877 9.62916945147006
	25.975802044885537 9.628451815013443
	26.01253730455767 9.627726763558965
	26.049314216415244 9.626994299290354
	26.086132791302223 9.626254424375428
	26.122993040011295 9.62550714096621
	26.159894973283055 9.624752451199043
	26.196838601807876 9.623990357194753
	26.233823936225473 9.623220861058753
	26.270850987124422 9.622443964881143
	26.307919765044296 9.621659670736888
	26.34503028047381 9.620867980685867
	26.382182543852558 9.620068896773065
	26.419376565571348 9.619262421028651
	26.456612355971185 9.618448555468094
	26.493889925345236 9.617627302092306
	26.531209283937606 9.616798662887732
	26.56857044194473 9.615962639826481
	26.60597340951496 9.615119234866428
	26.64341819674908 9.614268449951345
	26.680904813700995 9.613410287010995
	26.718433270377115 9.612544747961248
	26.756003576737115 9.611671834704193
	26.793615742694474 9.61079154912825
	26.83126977811638 9.609903893108271
	26.86896569282394 9.609008868505653
	26.90670349659248 9.60810647716844
	26.944483199152536 9.607196720931432
	26.9823048101883 9.60627960161628
	27.02016833934037 9.605355121031613
	27.058073796203736 9.604423280973105
	27.096021190329207 9.603484083223606
	27.13401053122389 9.602537529553237
	27.172041828350253 9.601583621719469
	27.210115091127697 9.600622361467252
	27.24823032893178 9.599653750529095
	27.28638755109545 9.598677790625173
	27.32458676690821 9.597694483463407
	27.36282798561682 9.596703830739573
	27.401111216426088 9.595705834137403
	27.43943646849846 9.594700495328663
	27.47780375095417 9.593687815973253
	27.516213072871953 9.5926677977193
	27.554664443288818 9.591640442203246
	27.593157871200905 9.590605751049951
	27.631693365562956 9.589563725872763
	27.670270935288816 9.588514368273621
	27.7088905892526 9.587457679843148
	27.747552336286837 9.586393662160713
	27.786256185184826 9.585322316794551
	27.825002144699592 9.584243645301825
	27.863790223544488 9.58315764922872
	27.902620430394006 9.582064330110542
	27.9414927738821 9.58096368947176
	27.98040726260495 9.579855728826141
	28.01936390511947 9.5787404496768
	28.0583627099439 9.577617853516282
	28.097403685558085 9.576487941826661
	28.136486840403986 9.575350716079608
	28.17561218288523 9.574206177736471
	28.214779721368142 9.57305432824836
	28.253989464180936 9.571895169056207
	28.293241419614905 9.570728701590879
	28.33253559592443 9.569554927273222
	28.37187200132625 9.56837384751415
	28.411250644001065 9.567185463714724
	28.450671532092677 9.565989777266218
	28.490134673708614 9.564786789550197
	28.529640076920526 9.56357650193861
	28.56918774976384 9.56235891579382
	28.608777700238267 9.56113403246872
	28.64840993630839 9.55990185330678
	28.68808446590306 9.558662379642131
	28.72780129691587 9.55741561279962
	28.767560437205855 9.556161554094905
	28.807361894597044 9.554900204834494
	28.847205676879124 9.55363156631585
	28.88709179180693 9.552355639827415
	28.927020247101503 9.551072426648725
	28.966991050449874 9.54978192805044
	29.00700420950487 9.54848414529443
	29.047059731886012 9.547179079633835
	29.087157625179255 9.545866732313137
	29.12729789693739 9.544547104568219
	29.167480554679774 9.543220197626423
	29.207705605892922 9.541886012706629
	29.24797305803101 9.540544551019309
	29.288282918515147 9.539195813766593
	29.328635194734233 9.537839802142328
	29.369029894044786 9.536476517332142
	29.409467023771732 9.535105960513514
	29.449946591207436 9.533728132855813
	29.49046860361309 9.53234303552038
	29.531033068218083 9.530950669660582
	29.57163999222041 9.52955103642186
	29.612289382786994 9.528144136941808
	29.652981247053717 9.526729972350212
	29.69371559212552 9.525308543769118
	29.734492425076347 9.52387985231289
	29.775311752950202 9.522443899088262
	29.81617358276016 9.521000685194402
	29.857077921489424 9.519550211722954
	29.898024776090885 9.518092479758113
	29.939014153487555 9.516627490376665
	29.98004606057289 9.515155244648046
	30.021120504210487 9.513675743634398
	30.06223749123475 9.512188988390617
	30.10339702845063 9.510694979964422
	30.14459912263401 9.509193719396382
	30.185843780531627 9.507685207719996
	30.22713100886194 9.506169445961728
	30.268460814313965 9.504646435141057
	30.30983320354875 9.503116176270542
	30.351248183198866 9.501578670355865
	30.392705759868527 9.500033918395873
	30.434205940133893 9.498481921382643
	30.475748730543362 9.496922680301527
	30.51733413761729 9.49535619613119
	30.55896216784869 9.493782469843675
	30.60063282770285 9.492201502404443
	30.64234612361778 9.49061329477242
	30.684102062004214 9.489017847900048
	30.725900649245965 9.48741516273333
	30.767741891699906 9.485805240211878
	30.809625795695908 9.484188081268961
	30.851552367537558 9.482563686831547
	30.893521613501377 9.480932057820352
	30.93553353983825 9.479293195149882
	30.977588152772093 9.47764709972848
	31.01968545850126 9.47599377245838
	31.061825463197792 9.47433321423573
	31.104008173008157 9.472665425950654
	31.14623359405289 9.470990408487287
	31.18850173242718 9.469308162723827
	31.230812594200547 9.467618689532564
	31.273166185417445 9.46592198977993
	31.31556251209698 9.46421806432655
	31.35800158023318 9.46250691402727
	31.400483395795277 9.460788539731201
	31.443007964727926 9.459062942281767
	31.485575292950283 9.45733012251674
	31.528185386358146 9.455590081268284
	31.57083825082198 9.45384281936299
	31.613533892188176 9.452088337621923
	31.656272316279413 9.450326636860659
	31.699053528893558 9.448557717889317
	31.74187753580537 9.446781581512612
	31.784744342765084 9.444998228529881
	31.827653955499752 9.443207659735128
	31.87060637971254 9.441409875917058
	31.91360162108368 9.439604877859123
	31.956639685269224 9.437792666339547
	31.999720577902938 9.435973242131373
	32.042844304594986 9.434146606002493
	32.08601087093239 9.432312758715696
	32.12922028248009 9.430471701028688
	32.172472544779474 9.428623433694138
	32.21576766334956 9.42676795745972
	32.25910564368725 9.424905273068127
	32.3024864912664 9.423035381257133
	32.345910211539085 9.421158282759608
	32.389376809934966 9.419273978303556
	32.43288629186157 9.41738246861216
	32.4764386627049 9.415483754403807
	32.520033927828536 9.41357783639212
	32.56367209257475 9.411664715285996
	32.607353162263955 9.40974439178964
	32.65107714219525 9.407816866602596
	32.69484403764614 9.40588214041978
	32.73865385387279 9.403940213931516
