 1000
	11.075610502403215 0.0
	11.075610502403215 0.02510058828687388
	11.075610502403215 0.05020117657374776
	11.075610502403215 0.07530176486062165
	11.075610502403215 0.10040235314749552
	11.075610502403215 0.12550294143436938
	11.075610502403215 0.15060352972124327
	11.075610502403215 0.17570411800811714
	11.075610502403215 0.200804706294991
	11.075610502403215 0.2259052945818649
	11.075610502403215 0.25100588286873876
	11.075610502403215 0.27610647115561265
	11.075610502403215 0.30120705944248655
	11.075610502403215 0.3263076477293604
	11.075610502403215 0.3514082360162343
	11.075610502403215 0.37650882430310817
	11.075610502403215 0.401609412589982
	11.075610502403215 0.4267100008768559
	11.075610502403215 0.4518105891637298
	11.075610502403215 0.47691117745060363
	11.075610502403215 0.5020117657374775
	11.075610502403215 0.5271123540243514
	11.075610502403215 0.5522129423112253
	11.075610502403215 0.5773135305980992
	11.075610502403215 0.6024141188849731
	11.075610502403215 0.6275147071718469
	11.075610502403215 0.6526152954587208
	11.075610502403215 0.6777158837455947
	11.075610502403215 0.7028164720324686
	11.075610502403215 0.7279170603193424
	11.075610502403215 0.7530176486062163
	11.075610502403215 0.7781182368930901
	11.075610502403215 0.803218825179964
	11.075610502403215 0.8283194134668379
	11.075610502403215 0.8534200017537118
	11.075610502403215 0.8785205900405857
	11.075610502403215 0.9036211783274596
	11.075610502403215 0.9287217666143334
	11.075610502403215 0.9538223549012073
	11.075610502403215 0.9789229431880812
	11.075610502403215 1.004023531474955
	11.075610502403215 1.029124119761829
	11.075610502403215 1.054224708048703
	11.075610502403215 1.079325296335577
	11.075610502403215 1.104425884622451
	11.075610502403215 1.129526472909325
	11.075610502403215 1.154627061196199
	11.075610502403215 1.179727649483073
	11.075610502403215 1.204828237769947
	11.075610502403215 1.2299288260568209
	11.075610502403215 1.2550294143436949
	11.075610502403215 1.2801300026305689
	11.075981929103714 1.305228692085534
	11.076326128821195 1.3302625646835722
	11.076846733079106 1.355293390117563
	11.077543716023987 1.3803199253446947
	11.078417043043332 1.4053409275352065
	11.079466670767301 1.4303551541341113
	11.080692547070877 1.4553613629229032
	11.082094611076453 1.480358312081242
	11.08367279315686 1.505344760248626
	11.085427014938812 1.5303194665860393
	11.08735718930682 1.555281190837569
	11.089463220407493 1.5802286933919985
	11.091745003654319 1.605160735344371
	11.09420242573284 1.6300760785575061
	11.096835364606301 1.6549734857234921
	11.099643689521692 1.6798517204251326
	11.102627261016243 1.7047095471973428
	11.10578593092437 1.7295457315885046
	11.109119542385 1.7543590402217735
	11.112627929849392 1.7791482408563244
	11.116310919089337 1.8039121024485465
	11.12016832720582 1.8286493952131802
	11.124199962638102 1.853358890684384
	11.128405625173231 1.8780393617767464
	11.132785105955987 1.9026895828462171
	11.13733818749925 1.9273083297509783
	11.1420646436948 1.9518943799122355
	11.146964239824559 1.9764465123749277
	11.152036732572222 2.000963507868364
	11.157281870035368 2.0254441488667734
	11.162699391737952 2.049887219649765
	11.168289028643242 2.074291506362704
	11.174050503167184 2.0986557970769906
	11.179983529192187 2.1229788818502455
	11.186087812081329 2.1472595527863954
	11.19236304869299 2.171496604095662
	11.198808927395904 2.1956888321544334
	11.205425128084642 2.219835035565045
	11.212211322195495 2.2439340152154394
	11.219167172722809 2.26798457433871
	11.226292334235703 2.2919855185725417
	11.233586452895235 2.3159356560185147
	11.24104916647197 2.3398337973013
	11.248680104363967 2.3636787556277215
	11.256478887615181 2.3874693468456987
	11.264445128934295 2.411204389503042
	11.272578432713935 2.4348827049061352
	11.280878395050333 2.458503117178463
	11.28934460376337 2.482064453319004
	11.297976638417056 2.505565543260491
	11.306774070340404 2.5290052199275097
	11.315736462648719 2.5523823192944577
	11.324863370265293 2.575695680443353
	11.334154339943513 2.598944145621483
	11.34360891028936 2.6221265602989
	11.35322661178433 2.6452417732257576
	11.363006966808745 2.66828863648948
	11.372949489665482 2.6912660055717645
	11.383053686604077 2.7141727394054302
	11.393319055845257 2.7370077004310702
	11.403745087605856 2.7597697546535542
	11.41433126412413 2.7824577716983363
	11.425077059685467 2.805070624867591
	11.435981940648496 2.8276071911961695
	11.447045365471595 2.850066351507364
	11.458266784739772 2.8724469904684864
	11.469645641191955 2.8947479966462564
	11.481181369748665 2.9169682625619955
	11.49287339754009 2.9391066847466254
	11.504721143934503 2.9611621637954677
	11.516724020567136 2.98313360442284
	11.528881431369365 3.0050199155164456
	11.541192772598334 3.026820010191565
	11.553657432866924 3.0485328058450265
	11.566274793174118 3.070157224208968
	11.579044226935741 3.0916921914043876
	11.591965100015582 3.1131366379944714
	11.605036770756877 3.1344894990377004
	11.618258590014179 3.155749714140741
	11.631629901185594 3.176916227511099
	11.645150040245383 3.1979879880095528
	11.658818335776951 3.2189639492023576
	11.672634109006175 3.239843069413204
	11.68659667383512 3.2606243117749543
	11.70070533687611 3.281306644281132
	11.714959397486165 3.3018890398371696
	11.729358147801785 3.3223704763114195
	11.743900872774116 3.3427499365859075
	11.75858685020445 3.3630264086068493
	11.773415350780095 3.3831988854349047
	11.788385638110586 3.4032663652951856
	11.80349696876427 3.423227851627004
	11.818748592305205 3.44308235313336
	11.834139751330442 3.462828883830173
	11.849669681507628 3.482466463095245
	11.865337611612977 3.5019941157169563
	11.881142763569551 3.5214108719426997
	11.89708435248591 3.540715767527035
	11.913161586695097 3.5599078437795737
	11.929373667793936 3.578986147612592
	11.945719790682693 3.5979497315883586
	11.962199143605057 3.616797653966184
	11.978810908188443 3.63552897874919
	11.995554259484642 3.6541427757307927
	12.012428366010793 3.672638120540892
	12.029432389790655 3.6910140946917815
	12.046565486396242 3.7092697856237593
	12.063826804989748 3.7274042867504456
	12.081215488365801 3.7454166975038037
	12.098730672994034 3.7633061233788636
	12.116371489061962 3.781071675978145
	12.122355800520634 3.7870301156391006
	12.128384741019913 3.792981440745236
	12.134458310559808 3.7989256512965532
	12.140576509140312 3.8048627472930514
	12.146739336761431 3.81079272873473
	12.152946793423155 3.8167155956215884
	12.159198879125494 3.82263134795363
	12.165495593868446 3.8285399857308517
	12.171836937652007 3.834441508953254
	12.178222910476181 3.840335917620837
	12.184653512340965 3.8462232117336024
	12.191128743246365 3.8521033912915486
	12.19764860319237 3.8579764562946735
	12.204213092178993 3.8638424067429815
	12.210822210206222 3.86970124263647
	12.217475957274067 3.875552963975139
	12.22417433338252 3.881397570758989
	12.230917338531583 3.8872350629880206
	12.237704972721263 3.8930654406622325
	12.244537235951547 3.8988887037816253
	12.25141412822245 3.9047048523461996
	12.258335649533963 3.9105138863559548
	12.265301799886087 3.9163158058108904
	12.272312579278818 3.9221106107110066
	12.279367987712167 3.9278983010563056
	12.286468025186124 3.933678876846784
	12.293612691700691 3.9394523380824427
	12.300801987255872 3.9452186847632835
	12.308035911851663 3.9509779168893053
	12.315314465488067 3.9567300344605085
	12.322637648165081 3.9624750374768904
	12.330005459882708 3.9682129259384564
	12.337417900640947 3.9739436998452007
	12.344874970439797 3.9796673591971277
	12.352376669279256 3.985383903994234
	12.35992299715933 3.991093334236523
	12.367513954080014 3.996795649923992
	12.37514954004131 4.002490851056643
	12.382829755043213 4.008178937634472
	12.390554599085734 4.013859909657485
	12.398324072168865 4.019533767125679
	12.406138174292606 4.0252005100390535
	12.413996905456957 4.030860138397607
	12.421900265661922 4.036512652201343
	12.429848254907496 4.042158051450261
	12.437840873193686 4.047796336144358
	12.445878120520483 4.053427506283636
	12.453959996887894 4.059051561868095
	12.462086502295916 4.064668502897737
	12.470257636744549 4.070278329372558
	12.47847340023379 4.07588104129256
	12.48673379276365 4.081476638657744
	12.495038814334116 4.087065121468108
	12.503388464945196 4.092646489723653
	12.511782744596886 4.098220743424379
	12.520221653289187 4.103787882570287
	12.528705191022102 4.109347907161375
	12.537233357795628 4.114900817197644
	12.545806153609764 4.120446612679093
	12.554423578464514 4.125985293605725
	12.56308563235987 4.131516859977537
	12.571792315295845 4.13704131179453
	12.580543627272425 4.142558649056704
	12.589339568289619 4.148068871764058
	12.598180138347427 4.153571979916595
	12.607065337445842 4.159067973514311
	12.61599516558487 4.164556852557209
	12.62496962276451 4.170038617045288
	12.633988708984763 4.175513266978546
	12.643052424245626 4.180980802356988
	12.652160768547098 4.1864412231806085
	12.661313741889185 4.191894529449411
	12.670511344271883 4.197340721163395
	12.679753575695193 4.202779798322559
	12.689040436159111 4.208211760926904
	12.698371925663643 4.213636608976429
	12.707748044208786 4.2190543424711375
	12.717168791794542 4.224464961411026
	12.726634168420908 4.229868465796095
	12.736144174087887 4.235264855626344
	12.745698808795476 4.240654130901776
	12.755298072543678 4.246036291622388
	12.764941965332488 4.25141133778818
	12.774630487161913 4.2567792693991535
	12.784363638031948 4.262140086455308
	12.794141417942598 4.267493788956646
	12.803963826893852 4.272840376903161
	12.813830864885723 4.278179850294858
	12.823742531918203 4.283512209131738
	12.833698827991299 4.288837453413797
	12.843699753105001 4.294155583141037
	12.853745307259317 4.299466598313459
	12.863835490454246 4.3047704989310605
	12.873970302689782 4.310067284993845
	12.884149743965931 4.315356956501808
	12.894373814282694 4.320639513454953
	12.904642513640066 4.325914955853279
	12.914955842038054 4.331183283696787
	12.925313799476648 4.336444496985474
	12.935716385955857 4.341698595719344
	12.946163601475677 4.346945579898394
	12.956655446036107 4.352185449522625
	12.967191919637147 4.357418204592036
	12.977773022278802 4.362643845106629
	12.988398753961068 4.367862371066403
	12.999069114683941 4.373073782471358
	13.00978410444743 4.378278079321493
	13.02054372325153 4.383475261616809
	13.031347971096244 4.388665329357307
	13.042196847981566 4.393848282542986
	13.053090353907496 4.399024121173845
	13.064028488874044 4.404192845249885
	13.075011252881202 4.4093544547711065
	13.086038645928967 4.414508949737508
	13.097110668017349 4.419656330149091
	13.108227319146337 4.424796596005857
	13.119388599315945 4.429929747307802
	13.13059450852616 4.435055784054928
	13.14184504677698 4.440174706247234
	13.153140214068422 4.445286513884723
	13.164480010400471 4.450391206967391
	13.175864435773128 4.45548878549524
	13.1872934901864 4.460579249468272
	13.198767173640285 4.4656625988864835
	13.210285486134783 4.470738833749877
	13.221848427669887 4.4758079540584506
	13.233455998245605 4.480869959812205
	13.245108197861933 4.4859248510111405
	13.256805026518876 4.490972627655258
	13.268546484216424 4.496013289744554
	13.280332570954588 4.5010468372790315
	13.292163286733365 4.5060732702586925
	13.304038631552753 4.511092588683532
	13.315958605412753 4.516104792553553
	13.32792320831336 4.521109881868755
	13.33993244025458 4.526107856629138
	13.351986301236414 4.531098716834704
	13.364084791258858 4.536082462485447
	13.376227910321912 4.5410590935813735
	13.388415658425581 4.546028610122481
	13.400648035569859 4.550991012108769
	13.412925041754752 4.555946299540238
	13.42524667698025 4.560894472416887
	13.437612941246366 4.565835530738718
	13.450023834553091 4.57076947450573
	13.462479356900426 4.575696303717922
	13.474979508288373 4.580616018375296
	13.487524288716932 4.58552861847785
	13.500113698186103 4.590434104025586
	13.512747736695887 4.595332475018504
	13.525426404246277 4.600223731456599
	13.538149700837284 4.605107873339878
	13.5509176264689 4.609984900668338
	13.563730181141127 4.614854813441978
	13.576587364853967 4.619717611660798
	13.589489177607417 4.624573295324801
	13.602435619401483 4.6294218644339855
	13.615426690236154 4.6342633189883475
	13.628462390111439 4.639097658987893
	13.641542719027337 4.643924884432619
	13.654667676983845 4.6487449953225255
	13.667837263980964 4.653557991657613
	13.681051480018697 4.6583638734378825
	13.694310325097037 4.663162640663332
	13.707613799215997 4.667954293333963
	13.720961902375562 4.672738831449775
	13.734354634575736 4.677516255010767
	13.747791995816526 4.682286564016941
	13.761273986097928 4.687049758468295
	13.774800605419937 4.691805838364831
	13.788371853782559 4.6965548037065465
	13.801987731185793 4.7012966544934445
	13.815648237629642 4.706031390725523
	13.829353373114103 4.710759012402782
	13.84310313763917 4.715479519525221
	13.85689753120485 4.720192912092843
	13.870736553811142 4.724899190105645
	13.884620205458045 4.7295983535636275
	13.898548486145557 4.734290402466791
	13.912521395873688 4.738975336815137
	13.926538934642426 4.743653156608663
	13.940601102451776 4.7483238618473695
	13.954707899301738 4.752987452531258
	13.96885932519231 4.757643928660326
	13.983055380123492 4.762293290234576
	13.997296064095288 4.766935537254007
	14.011581377107694 4.771570669718618
	14.025911319160715 4.77619868762841
	14.040285890254346 4.780819590983384
	14.054705090388586 4.785433379783538
	14.06916891956344 4.790040054028873
	14.083677377778905 4.794639613719389
	14.09823046503498 4.799232058855087
	14.112828181331666 4.803817389435965
	14.127470526668967 4.8083956054620245
	14.142157501046874 4.812966706933264
	14.1568891044654 4.817530693849686
	14.171665336924534 4.822087566211288
	14.186486198424275 4.82663732401807
	14.201351688964635 4.831179967270034
	14.216261808545601 4.83571549596718
	14.23121655716718 4.840243910109505
	14.246215934829372 4.8447652096970115
	14.261259941532176 4.8492793947297
	14.276348577275591 4.853786465207569
	14.291481842059614 4.858286421130618
	14.306659735884251 4.862779262498847
	14.321882258749499 4.86726498931226
	14.33714941065536 4.871743601570852
	14.35246119160183 4.876215099274624
	14.367817601588913 4.88067948242358
	14.38321864061661 4.885136751017715
	14.398664308684912 4.889586905057032
	14.414154605793831 4.894029944541528
	14.42968953194336 4.898465869471207
	14.445269087133502 4.902894679846067
	14.460893271364252 4.907316375666107
	14.476562084635617 4.911730956931327
	14.492275526947592 4.91613842364173
	14.50803359830018 4.920538775797313
	14.523836298693377 4.9249320133980765
	14.539683628127186 4.929318136444022
	14.555575586601607 4.933697144935148
	14.571512174116641 4.938069038871454
	14.587493390672284 4.942433818252941
	14.603519236268536 4.946791483079611
	14.619589710905407 4.95114203335146
	14.635704814582887 4.955485469068491
	14.651864547300976 4.959821790230703
	14.668068909059675 4.964150996838095
	14.68431789985899 4.9684730888906685
	14.700611519698917 4.972788066388423
	14.71694976857945 4.977095929331358
	14.733332646500596 4.9813966777194745
	14.749760153462356 4.985690311552771
	14.766232289464728 4.98997683083125
	14.78274905450771 4.994256235554909
	14.799310448591301 4.998528525723748
	14.815916471715507 5.002793701337771
	14.832567123880324 5.007051762396972
	14.849262405085751 5.011302708901355
	14.866002315331789 5.015546540850918
	14.882786854618441 5.019783258245663
	14.899616022945708 5.024012861085589
	14.91648982031358 5.028235349370696
	14.933408246722061 5.032450723100983
	14.95037130217116 5.036658982276451
	14.96737898666087 5.040860126897103
	14.984431300191188 5.045054156962934
	15.00152824276212 5.049241072473943
	15.018669814373661 5.053420873430136
	15.03585601502582 5.05759355983151
	15.053086844718582 5.0617591316780635
	15.070362303451958 5.065917588969799
	15.087682391225947 5.0700689317067145
	15.105047108040552 5.074213159888814
	15.122456453895762 5.07835027351609
	15.139910428791584 5.082480272588549
	15.157409032728019 5.086603157106189
	15.174952265705064 5.090718927069011
	15.192540127722722 5.094827582477013
	15.210172618780991 5.098929123330194
	15.227849738879872 5.103023549628559
	15.245571488019364 5.107110861372105
	15.263337866199468 5.111191058560829
	15.281148873420182 5.115264141194736
	15.29900450968151 5.1193301092738235
	15.316904774983449 5.123388962798093
	15.334849669326 5.127440701767541
	15.352839192709158 5.131485326182172
	15.370873345132933 5.135522836041984
	15.388952126597317 5.1395532313469765
	15.40707553710231 5.143576512097149
	15.425243576647915 5.1475926782925026
	15.443456245234138 5.151601729933038
	15.461713542860966 5.155603667018755
	15.480015469528407 5.159598489549651
	15.498362025236458 5.163586197525729
	15.516753209985126 5.167566790946989
	15.535189023774404 5.17154026981343
	15.55366946660429 5.175506634125049
	15.572194538474788 5.179465883881851
	15.5907642393859 5.183418019083834
	15.609378569337622 5.187363039730998
	15.628037528329953 5.191300945823342
	15.646741116362897 5.195231737360867
	15.665489333436456 5.199155414343575
	15.684282179550625 5.203071976771463
	15.703119654705402 5.20698142464453
	15.722001758900792 5.21088375796278
	15.740928492136797 5.21477897672621
	15.759899854413412 5.218667080934822
	15.778915845730635 5.222548070588614
	15.797976466088471 5.226421945687586
	15.81708171548692 5.2302887062317405
	15.836231593925984 5.234148352221077
	15.855426101405653 5.238000883655592
	15.874665237925935 5.241846300535289
	15.89394900348683 5.245684602860168
	15.913277398088336 5.249515790630227
	15.932650421730456 5.253339863845467
	15.95206807441318 5.257156822505887
	15.97153035613652 5.2609666666114885
	15.991037266900474 5.264769396162272
	16.010588806705034 5.268565011158234
	16.030184975550213 5.27235351159938
	16.049825773435995 5.276134897485704
	16.069511200362395 5.279909168817212
	16.089241256329405 5.283676325593898
	16.109015941337024 5.287436367815766
	16.12883525538526 5.291189295482817
	16.148699198474105 5.294935108595048
	16.168607770603558 5.298673807152459
	16.188560971773622 5.30240539115505
	16.208558801984303 5.306129860602824
	16.228601261235596 5.309847215495778
	16.248688349527495 5.313557455833913
	16.268820066860002 5.317260581617227
	16.288996413233132 5.320956592845725
	16.309217388646864 5.324645489519404
	16.329482993101212 5.328327271638262
	16.349793226596166 5.332001939202302
	16.370148089131742 5.335669492211523
	16.390547580707924 5.339329930665926
	16.410991701324715 5.342983254565507
	16.431480450982118 5.34662946391027
	16.452013829680137 5.350268558700216
	16.472591837418765 5.353900538935342
	16.493214474198 5.357525404615647
	16.51388174001785 5.361143155741134
	16.534593634878316 5.364753792311803
	16.55535015877939 5.368357314327653
	16.576151311721073 5.371953721788683
	16.59699709370337 5.375543014694893
	16.617887504726276 5.379125193046286
	16.6388225447898 5.382700256842859
	16.65980221389393 5.386268206084613
	16.68082651203867 5.389829040771548
	16.701895439224028 5.393382760903664
	16.72300899544999 5.396929366480961
	16.744167180716563 5.400468857503438
	16.765369995023754 5.404001233971096
	16.786617438371554 5.407526495883936
	16.80790951075997 5.411044643241958
	16.82924621218899 5.414555676045159
	16.85062754265862 5.418059594293542
	16.87205350216887 5.421556397987106
	16.89352409071973 5.425046087125851
	16.915039308311197 5.428528661709775
	16.936599154943274 5.432004121738882
	16.958203630615966 5.435472467213169
	16.979852735329274 5.4389336981326375
	17.001546469083184 5.442387814497287
	17.023284831877714 5.445834816307116
	17.045067823712852 5.449274703562128
	17.0668954445886 5.452707476262319
	17.088767694504963 5.456133134407692
	17.11068457346193 5.459551677998246
	17.132646081459516 5.462963107033981
	17.154652218497713 5.466367421514898
	17.17670298457652 5.469764621440994
	17.198798379695937 5.473154706812271
	17.220938403855968 5.476537677628731
	17.243123057056607 5.479913533890371
	17.265352339297863 5.48328227559719
	17.287626250579724 5.486643902749193
	17.3099447909022 5.489998415346375
	17.33230796026529 5.493345813388738
	17.354715758668984 5.496686096876282
	17.377168186113295 5.500019265809008
	17.39966524259822 5.503345320186915
	17.422206928123753 5.506664260010001
	17.444793242689897 5.50997608527827
	17.467424186296654 5.513280795991719
	17.49009975894402 5.516578392150348
	17.512819960632 5.519868873754161
	17.535584791360588 5.523152240803151
	17.55839425112979 5.526428493297324
	17.581248339939606 5.529697631236679
	17.604147057790033 5.532959654621213
	17.627090404681063 5.53621456345093
	17.650078380612715 5.539462357725825
	17.673110985584973 5.542703037445904
	17.696188219597843 5.545936602611162
	17.719310082651326 5.549163053221601
	17.74247657474542 5.552382389277223
	17.765687695880125 5.555594610778023
	17.788943446055445 5.558799717724007
	17.812243825271374 5.56199771011517
	17.83558883352791 5.565188587951513
	17.858978470825065 5.568372351233038
	17.88241273716283 5.571548999959746
	17.9058916325412 5.574718534131632
	17.929415156960186 5.5778809537487
	17.952983310419786 5.58103625881095
	17.976596092919994 5.58418444931838
	18.000253504460815 5.58732552527099
	18.023955545042245 5.590459486668782
	18.047702214664287 5.593586333511756
	18.071493513326946 5.596706065799909
	18.095329441030213 5.599818683533243
	18.119209997774085 5.602924186711759
	18.14313518355858 5.606022575335457
	18.16710499838368 5.609113849404334
	18.19111944224939 5.6121980089183925
	18.215178515155714 5.615275053877631
	18.23928221710265 5.618344984282052
	18.2634305480902 5.621407800131654
	18.287623508118354 5.624463501426436
	18.311861097187126 5.627512088166399
	18.336143315296507 5.630553560351544
	18.3604701624465 5.63358791798187
	18.384841638637106 5.6366151610573745
	18.40925774386832 5.639635289578061
	18.433718478140147 5.64264830354393
	18.458223841452583 5.645654202954979
	18.482773833805638 5.648652987811208
	18.5073684551993 5.65164465811262
	18.532007705633568 5.654629213859212
	18.556691585108457 5.6576066550509845
	18.58142009362395 5.660576981687937
	18.606193231180054 5.663540193770073
	18.631010997776773 5.666496291297388
	18.655873393414105 5.669445274269884
	18.68078041809204 5.672387142687562
	18.705732071810594 5.67532189655042
	18.73072835456976 5.67824953585846
	18.755769266369537 5.68117006061168
	18.780854807209924 5.684083470810081
	18.80598497709092 5.686989766453663
	18.831159776012534 5.689888947542426
	18.856379203974754 5.6927810140763695
	18.881643260977583 5.695665966055495
	18.906951947021028 5.698543803479801
	18.932305262105086 5.7014145263492875
	18.957703206229755 5.704278134663955
	18.983145779395034 5.7071346284238045
	19.00863298160092 5.709984007628834
	19.034164812847425 5.7128262722790435
	19.059741273134538 5.715661422374436
	19.085362362462263 5.718489457915009
	19.111028080830597 5.721310378900761
	19.13673842823955 5.724124185331696
	19.162493404689105 5.7269308772078125
	19.188293010179276 5.7297304545291095
	19.214137244710056 5.7325229172955865
	19.24002610828145 5.7353082655072445
	19.265959600893456 5.738086499164083
	19.291937722546074 5.740857618266104
	19.3179604732393 5.743621622813305
	19.34402785297314 5.746378512805687
	19.370139861747592 5.7491282882432495
	19.396296499562656 5.751870949125994
	19.422497766418328 5.754606495453919
	19.448743662314612 5.757334927227025
	19.47503418725151 5.760056244445312
	19.501369341229022 5.762770447108779
	19.52774912424714 5.765477535217428
	19.554173536305868 5.768177508771257
	19.580642577405214 5.770870367770268
	19.607156247545166 5.773556112214461
	19.633714546725734 5.776234742103833
	19.66031747494691 5.778906257438386
	19.6869650322087 5.78157065821812
	19.713657218511102 5.784227944443035
	19.740394033854116 5.786878116113132
	19.76717547823774 5.78952117322841
	19.79400155166197 5.792157115788867
	19.820872254126815 5.794785943794507
	19.84778758563228 5.797407657245327
	19.874747546178344 5.800022256141327
	19.901752135765026 5.8026297404825105
	19.92880135439232 5.805230110268874
	19.955895202060223 5.807823365500417
	19.983033678768738 5.810409506177142
	20.010216784517866 5.812988532299047
	20.037444519307602 5.815560443866134
	20.06471688313795 5.818125240878402
	20.092033876008912 5.820682923335851
	20.119395497920486 5.82323349123848
	20.14680174887267 5.82577694458629
	20.174252628865464 5.828313283379282
	20.20174813789887 5.830842507617454
	20.22928827597289 5.833364617300808
	20.25687304308752 5.835879612429342
	20.284502439242765 5.838387493003057
	20.31217646443862 5.840888259021954
	20.33989511867508 5.843381910486032
	20.367658401952156 5.84586844739529
	20.395466314269846 5.8483478697497295
	20.423318855628143 5.850820177549348
	20.45121602602706 5.85328537079415
	20.479157825466576 5.855743449484131
	20.50714425394671 5.858194413619295
	20.535175311467455 5.860638263199639
	20.56325099802881 5.863074998225163
	20.591371313630777 5.865504618695869
	20.61953625827336 5.8679271246117555
	20.64774583195655 5.8703425159728235
	20.676000034680353 5.8727507927790725
	20.704298866444766 5.8751519550305025
	20.732642327249792 5.877546002727112
	20.761030417095427 5.879932935868903
	20.789463135981677 5.882312754455875
	20.817940483908536 5.884685458488029
	20.84646246087601 5.887051047965364
	20.875029066884093 5.8894095228878784
	20.903640301932786 5.891760883255576
	20.93229616602209 5.8941051290684525
	20.960996659152006 5.89644226032651
	20.989741781322532 5.898772277029749
	21.018531532533675 5.901095179178169
	21.04736591278543 5.90341096677177
	21.07624492207779 5.905719639810552
	21.105168560410767 5.908021198294516
	21.134136827784353 5.910315642223659
	21.16314972419855 5.912602971597984
	21.19220724965336 5.914883186417489
	21.22130940414878 5.917156286682176
	21.25045618768481 5.919422272392043
	21.27964760026146 5.921681143547093
	21.30888364187871 5.923932900147322
	21.33816431253658 5.926177542192731
	21.367489612235058 5.928415069683323
	21.396859540974145 5.930645482619096
	21.426274098753847 5.9328687810000496
	21.45573328557416 5.935084964826183
	21.485237101435086 5.937294034097499
	21.51478554633662 5.939495988813994
	21.544378620278767 5.9416908289756725
	21.574016323261525 5.943878554582531
	21.603698655284894 5.946059165634569
	21.633425616348873 5.9482326621317885
	21.663197206453468 5.950399044074189
	21.69301342559867 5.952558311461772
	21.72287427378449 5.954710464294534
	21.752779751010916 5.956855502572479
	21.782729857277957 5.958993426295603
	21.812724592585607 5.961124235463909
	21.842763956933865 5.963247930077395
	21.87284795032274 5.965364510136062
	21.902976572752227 5.967473975639911
	21.933149824222323 5.969576326588941
	21.963367704733034 5.971671562983151
	21.993630214284348 5.973759684822542
	22.02393735287628 5.9758406921071145
	22.054289120508823 5.977914584836868
	22.084685517181978 5.979981363011802
	22.11512654289574 5.982041026631918
	22.14561219765012 5.984093575697213
	22.17614248144511 5.98613901020769
	22.206717394280705 5.9881773301633485
	22.237336936156918 5.990208535564187
	22.26800110707374 5.992232626410207
	22.29870990703117 5.994249602701408
	22.329463336029217 5.996259464437789
	22.360261394067876 5.998262211619353
	22.391104081147148 6.000257844246096
	22.42199139726703 6.0022463623180204
	22.452923342427518 6.004227765835127
	22.483899916628623 6.006202054797414
	22.514921119870337 6.00816922920488
	22.545986952152663 6.010129289057529
	22.5770974134756 6.012082234355359
	22.608252503839147 6.014028065098369
	22.63945222324331 6.01596678128656
	22.670696571688083 6.017898382919933
	22.701985549173465 6.019822869998486
	22.73331915569946 6.0217402425222195
	22.764697391266065 6.023650500491135
	22.796120255873284 6.025553643905231
	22.827587749521115 6.027449672764508
	22.859099872209555 6.029338587068965
	22.890656623938607 6.031220386818604
	22.92225800470827 6.033095072013423
	22.953904014518546 6.034962642653425
	22.985594653369432 6.036823098738607
	23.01732992126093 6.038676440268969
	23.04910981819304 6.040522667244512
	23.08093434416576 6.042361779665238
	23.112803499179094 6.044193777531143
	23.144717283233035 6.046018660842229
	23.176675696327596 6.0478364295984965
	23.208678738462762 6.049647083799945
	23.24072640963854 6.051450623446574
	23.27281870985493 6.053247048538385
	23.30495563911193 6.055036359075377
	23.337137197409547 6.056818555057549
	23.36936338474777 6.058593636484902
	23.401634201126605 6.0603616033574355
	23.433949646546054 6.06212245567515
	23.466309721006112 6.063876193438047
	23.498714424506787 6.0656228166461235
	23.531163757048066 6.067362325299382
	23.56365771862996 6.069094719397819
	23.596196309252463 6.07081999894144
	23.62877952891558 6.072538163930242
	23.661407377619312 6.074249214364223
	23.694079855363647 6.075953150243385
	23.7267969621486 6.077649971567729
	23.759558697974164 6.079339678337253
	23.79236506284034 6.0810222705519585
	23.82521605674712 6.082697748211845
	23.858111679694517 6.084366111316911
	23.891051931682526 6.086027359867161
	23.924036812711147 6.08768149386259
	23.957066322780378 6.0893285133032
	23.990140461890224 6.090968418188992
	24.02325923004068 6.092601208519963
	24.05642262723174 6.094226884296116
	24.089630653463423 6.09584544551745
	24.122883308735712 6.097456892183965
	24.15618059304861 6.099061224295661
	24.189522506402128 6.100658441852539
	24.222909048796247 6.102248544854596
	24.25634022023098 6.103831533301834
	24.289816020706326 6.105407407194254
	24.323336450222286 6.1069761665318545
	24.356901508778854 6.108537811314637
	24.390511196376035 6.110092341542599
	24.424165513013826 6.111639757215744
	24.45786445869223 6.113180058334068
	24.491608033411243 6.114713244897573
	24.52539623717087 6.11623931690626
	24.559229069971114 6.117758274360127
	24.59310653181196 6.119270117259174
	24.62702862269342 6.120774845603404
	24.660995342615493 6.122272459392813
	24.69500669157818 6.123762958627404
	24.729062669581477 6.125246343307177
	24.76316327662538 6.126722613432131
	24.7973085127099 6.128191769002265
	24.831498377835032 6.1296538100175795
	24.865732872000773 6.131108736478074
	24.900011995207123 6.132556548383752
	24.934335747454085 6.13399724573461
	24.968704128741663 6.135430828530648
	25.00311713906985 6.136857296771868
	25.037574778438646 6.138276650458269
	25.072077046848058 6.139688889589849
	25.106623944298082 6.141094014166612
	25.141215470788715 6.142492024188557
	25.175851626319968 6.143882919655681
	25.210532410891823 6.145266700567986
	25.24525782450429 6.146643366925472
	25.28002786715737 6.14801291872814
	25.314842538851057 6.149375355975988
	25.34970183958536 6.150730678669017
	25.384605769360274 6.152078886807226
	25.4195543281758 6.153419980390618
	25.454547516031937 6.15475395941919
	25.489585332928684 6.156080823892943
	25.524667778866043 6.157400573811877
	25.55979485384402 6.158713209175993
	25.5949665578626 6.160018729985288
	25.630182890921795 6.161317136239765
	25.665443853021596 6.162608427939421
	25.700749444162014 6.1638926050842615
	25.736099664343044 6.16516966767428
	25.771494513564683 6.166439615709481
	25.806933991826938 6.167702449189863
	25.8424180991298 6.168958168115425
	25.877946835473274 6.170206772486168
	25.91352020085736 6.171448262302093
	25.949138195282057 6.172682637563197
	25.98480081874737 6.173909898269485
	26.020508071253293 6.175130044420952
	26.05625995279982 6.1763430760175995
	26.092056463386964 6.177548993059427
	26.12789760301472 6.178747795546438
	26.16378337168309 6.17993948347863
	26.199713769392062 6.181124056856002
	26.235688796141652 6.182301515678554
	26.27170845193185 6.1834718599462875
	26.30777273676267 6.184635089659203
	26.343881650634096 6.185791204817298
	26.380035193546124 6.1869402054205755
	26.416233365498773 6.188082091469033
	26.452476166492033 6.189216862962671
	26.488763596525903 6.190344519901491
	26.52509565560038 6.191465062285491
	26.56147234371548 6.192578490114673
	26.59789366087118 6.1936848033890355
	26.6343596070675 6.194784002108579
	26.670870182304427 6.195876086273303
	26.70742538658196 6.196961055883207
	26.74402521990011 6.198038910938295
	26.78066968225888 6.199109651438563
	26.81735877365825 6.2001732773840095
	26.854092494098232 6.201229788774638
	26.890870843578828 6.202279185610449
	26.927693822100036 6.203321467891439
	26.964561429661856 6.204356635617611
	27.001473666264285 6.205384688788965
	27.038430531907327 6.2064056274054975
	27.075432026590985 6.207419451467213
	27.112478150315248 6.208426160974109
	27.149568903080123 6.209425755926184
	27.186704284885614 6.210418236323443
	27.223884295731715 6.211403602165881
	27.261108935618427 6.2123818534535005
	27.298378204545745 6.213352990186301
	27.335692102513683 6.214317012364283
	27.373050629522226 6.215273919987446
	27.41045378557138 6.216223713055788
	27.447901570661156 6.217166391569312
	27.48539398479153 6.218101955528018
	27.522931027962525 6.219030404931904
	27.560512700174126 6.219951739780972
	27.598139001426347 6.220865960075219
	27.63580993171917 6.221773065814648
	27.673525491052605 6.222673056999257
	27.711285679426656 6.223565933629048
	27.749090496841315 6.224451695704021
	27.786939943296588 6.225330343224173
	27.82483401879247 6.226201876189507
	27.86277272332896 6.2270662946000215
	27.900756056906072 6.227923598455717
	27.93878401952379 6.228773787756595
	27.97685661118212 6.229616862502652
	28.014973831881058 6.23045282269389
	28.05313568162061 6.231281668330309
	28.091342160400774 6.23210339941191
	28.12959326822155 6.232918015938691
	28.167889005082934 6.233725517910654
	28.206229370984936 6.234525905327796
	28.244614365927546 6.235319178190121
	28.28304398991077 6.2361053364976256
	28.3215182429346 6.236884380250311
	28.360037124999042 6.237656309448179
	28.398600636104103 6.238421124091227
	28.43720877624977 6.239178824179456
	28.47586154543605 6.239929409712866
	28.514558943662937 6.240672880691457
	28.553300970930437 6.241409237115229
	28.592087627238552 6.242138478984181
	28.630918912587276 6.242860606298314
	28.66979482697661 6.243575619057629
	28.708715370406562 6.244283517262125
	28.747680542877124 6.244984300911801
	28.78669034438829 6.245677970006658
	28.825744774940073 6.2463645245466966
	28.864843834532465 6.247043964531917
	28.90398752316547 6.247716289962317
	28.94317584083909 6.248381500837898
	28.982408787553318 6.249039597158661
	29.021686363308152 6.249690578924604
	29.061008568103606 6.250334446135727
	29.10037540193967 6.2509711987920324
	29.139786864816344 6.25160083689352
	29.179242956733628 6.252223360440186
	29.218743677691528 6.252838769432033
	29.258289027690033 6.2534470638690625
	29.297879006729158 6.2540482437512726
	29.337513614808888 6.254642309078664
	29.377192851929227 6.255229259851235
	29.41691671809018 6.255809096068988
	29.45668521329175 6.2563818177319215
	29.49649833753393 6.256947424840036
	29.536356090816714 6.257505917393331
	29.576258473140115 6.258057295391807
	29.61620548450413 6.258601558835465
	29.65619712490875 6.259138707724303
	29.696233394353985 6.259668742058323
	29.736314292839833 6.260191661837522
	29.776439820366292 6.260707467061904
	29.816609976933357 6.261216157731466
	29.856824762541038 6.2617177338462096
	29.89708417718933 6.262212195406134
	29.937388220878233 6.262699542411238
	29.97773689360775 6.263179774861524
	30.01813019537788 6.263652892756991
	30.058568126188618 6.2641188960976395
	30.099050686039966 6.2645777848834685
	30.139577874931927 6.265029559114478
	30.180149692864497 6.265474218790668
	30.22076613983768 6.26591176391204
	30.26142721585148 6.266342194478592
	30.302132920905887 6.266765510490326
	30.342883255000903 6.267181711947241
	30.383678218136534 6.267590798849336
	30.424517810312775 6.267992771196613
	30.465402031529628 6.26838762898907
	30.506330881787097 6.268775372226709
	30.54730436108517 6.269156000909528
	30.588322469423858 6.2695295150375285
	30.629385206803157 6.269895914610709
	30.67049257322307 6.270255199629071
	30.711644568683585 6.2706073700926135
	30.75284119318472 6.2709524260013385
	30.79408244672647 6.271290367355243
	30.835368329308825 6.27162119415433
	30.87669884093179 6.271944906398596
	30.91807398159537 6.2722615040880445
	30.95949375129956 6.2725709872226725
	31.00095815004436 6.272873355802482
	31.042467177829774 6.273168609827472
	31.084020834655803 6.273456749297644
	31.125619120522437 6.2737377742129965
	31.167262035429687 6.27401168457353
	31.208949579377546 6.274278480379245
	31.25068175236602 6.27453816163014
	31.2924585543951 6.2747907283262165
	31.3342799854648 6.275036180467474
	31.37614604557511 6.275274518053912
	31.418056734726015 6.275505741085532
	31.46001205291755 6.275729849562331
	31.502012000149687 6.275946843484313
	31.544056576422438 6.276156722851475
	31.586145781735805 6.276359487663817
	31.628279616089777 6.276555137921341
	31.670458079484362 6.276743673624046
	31.712681171919563 6.276925094771933
	31.75494889339537 6.277099401364999
	31.797261243911795 6.2772665934032466
	31.83961822346882 6.277426670886675
	31.88201983206647 6.277579633815286
	31.92446606970472 6.277725482189076
	31.966956936383585 6.277864216008048
	32.009492432103066 6.2779958352722005
	32.05207255686315 6.278120339981532
	32.09469731066386 6.2782377301360475
	32.13736669350517 6.278348005735743
	32.1800807053871 6.278451166780619
	32.22283934630963 6.278547213270677
	32.26564261627277 6.2786361452059145
	32.30849051527653 6.278717962586334
	32.3513830433209 6.278792665411934
	32.394320200405886 6.278860253682715
	32.43730198653148 6.278920727398678
	32.48032840169768 6.27897408655982
	32.5233994459045 6.279020331166143
	32.56651511915192 6.279059461217648
	32.60967542143997 6.279091476714334
	32.65288035276861 6.279116377656201
	32.696129913137874 6.279134164043248
	32.73942410254775 6.279144835875478
