 998
	32.75607274920323 0.0 6.283760977682275
	32.712753991886274 -0.00395823624926236 6.283743178415827
	32.669479887818824 -0.007917915975127308 6.283718259442803
	32.62625043700088 -0.011879037139954661 6.283686220763198
	32.58306563943242 -0.01584159769231731 6.283647062377017
	32.53992549511346 -0.019805595566947602 6.283600784284255
	32.496830004043986 -0.02377102868468232 6.283547386484916
	32.453779166224024 -0.027737894952406167 6.283486868978997
	32.41077298165355 -0.031706192263000886 6.2834192317665
	32.36781145033258 -0.035675918495282684 6.283344474847425
	32.3248945722611 -0.03964707151395419 6.283262598221771
	32.28202234743912 -0.04361964916954153 6.283173601889538
	32.23919477586663 -0.04759364929834408 6.2830774858507255
	32.19641185754365 -0.05156906972237178 6.282974250105336
	32.153673592470156 -0.05554590824929781 6.282863894653367
	32.110979980646164 -0.05952416267239298 6.282746419494819
	32.06833102207166 -0.0635038307704755 6.282621824629693
	32.02572671674667 -0.06748491030784826 6.282490110057989
	31.983167064671164 -0.07146739903424823 6.282351275779706
	31.940652065845164 -0.0754512946847841 6.2822053217948435
	31.89818172026865 -0.07943659497988276 6.282052248103402
	31.855756027941634 -0.08342329762522714 6.281892054705383
	31.813374988864123 -0.0874114003117025 6.281724741600786
	31.7710386030361 -0.09140090071533773 6.28155030878961
	31.728746870457577 -0.09539179649724616 6.2813687562718545
	31.68649979112855 -0.09938408530356715 6.281180084047522
	31.644297365049027 -0.10337776476540911 6.280984292116608
	31.60213959221899 -0.10737283249879151 6.280781380479118
	31.560026472638455 -0.11136928610458227 6.280571349135048
	31.517958006307417 -0.11536712316844275 6.2803541980844
	31.47593419322588 -0.11936634126076799 6.280129927327174
	31.433955033393836 -0.12336693793662554 6.279898536863369
	31.392020526811283 -0.12736891073569928 6.279660026692984
	31.350130673478237 -0.13137225718222462 6.279414396816022
	31.308285473394683 -0.1353769747849352 6.27916164723248
	31.266484926560626 -0.1393830610369986 6.27890177794236
	31.224729032976057 -0.1433905134159573 6.278634788945661
	31.183017792640996 -0.14739932938366782 6.278360680242384
	31.141351205555427 -0.1514095063862421 6.278079451832528
	31.099729271719358 -0.1554210418539853 6.277791103716094
	31.058151991132785 -0.15943393320133567 6.2774956358930805
	31.01661936379571 -0.16344817782680363 6.277193048363489
	30.975131389708125 -0.1674637731129098 6.27688334112732
	30.933688068870044 -0.17148071642612478 6.2765665141845695
	30.892289401281456 -0.17549900511680727 6.276242567535243
	30.850935386942368 -0.1795186365191425 6.275911501179336
	30.809626025852776 -0.18353960795108032 6.275573315116851
	30.76836131801268 -0.1875619167142734 6.275228009347788
	30.72714126342208 -0.1915855600940154 6.274875583872147
	30.685965862080977 -0.1956105353591775 6.274516038689925
	30.64483511398937 -0.19963683976214722 6.2741493738011265
	30.60374901914726 -0.2036644705387652 6.273775589205748
	30.562707577554647 -0.2076934249082625 6.273394684903791
	30.521710789211532 -0.21172370007319766 6.273006660895256
	30.480758654117917 -0.21575529321939338 6.272611517180143
	30.43985117227379 -0.21978820151587417 6.27220925375845
	30.398988343679168 -0.22382242211479988 6.271799870630179
	30.358170168334038 -0.22785795215140664 6.2713833677953295
	30.317396646238407 -0.23189478874393923 6.270959745253902
	30.276667777392273 -0.2359329289935888 6.270529003005895
	30.23598356179563 -0.23997236998442872 6.270091141051308
	30.195343999448493 -0.24401310878334892 6.2696461593901445
	30.15474909035085 -0.24805514243999335 6.269194058022402
	30.1141988345027 -0.25209846798669444 6.26873483694808
	30.07369323190405 -0.2561430824384075 6.26826849616718
	30.03323228255489 -0.2601889827926472 6.267795035679702
	29.992815986455238 -0.26423616602942035 6.267314455485644
	29.952444343605077 -0.26828462911116313 6.266826755585008
	29.912117354004412 -0.2723343689826743 6.266331935977793
	29.871835017653243 -0.27638538257104883 6.265829996664
	29.83159733455157 -0.2804376667856131 6.265320937643629
	29.7914043046994 -0.28449121851785836 6.264804758916678
	29.751255928096725 -0.2885460346413758 6.264281460483148
	29.711152204743545 -0.2926021120117882 6.263751042343041
	29.67109313463986 -0.29665944746668527 6.263213504496354
	29.631078717785677 -0.300718037825555 6.262668846943089
	29.591108954180985 -0.3047778798897196 6.262117069683247
	29.551183843825793 -0.3088389704422658 6.261558172716824
	29.511303386720098 -0.3129013062479794 6.260992156043823
	29.471467582863898 -0.31696488405327716 6.260419019664244
	29.431676432257195 -0.32102970058613967 6.2598387635780846
	29.391929934899988 -0.325095752556044 6.259251387785349
	29.35222809079228 -0.3291630366538944 6.258656892286033
	29.31257089993407 -0.33323154955195694 6.258055277080139
	29.27295836232535 -0.33730128790378866 6.257446542167666
	29.233390477966132 -0.34137224834417085 6.256830687548615
	29.193867246856414 -0.3454444274890404 6.256207713222985
	29.154388668996187 -0.34951782193542097 6.255577619190777
	29.114954744385457 -0.35359242826135434 6.25494040545199
	29.075565473024223 -0.35766824302583095 6.254296072006624
	29.036220854912493 -0.3617452627687211 6.25364461885468
	28.996920890050255 -0.3658234840107069 6.252986045996157
	28.957665578437513 -0.36990290325321085 6.252320353431054
	28.91845492007427 -0.37398351697832727 6.251647541159375
	28.879288914960522 -0.3780653216487525 6.2509676091811155
	28.840167563096273 -0.382148313707715 6.250280557496278
	28.801090864481516 -0.3862324895789062 6.249586386104863
	28.762058819116262 -0.39031784566640676 6.248885095006868
	28.7230714270005 -0.39440437835462155 6.248176684202294
	28.684128688134237 -0.3984920840082049 6.247461153691142
	28.645230602517472 -0.4025809589719916 6.246738503473412
	28.606377170150203 -0.40667099957092584 6.246008733549102
	28.567568391032424 -0.4107622021099909 6.245271843918214
	28.52880426516415 -0.4148545628741349 6.244527834580748
	28.49008479254537 -0.4189480781282053 6.243776705536702
	28.451409973176087 -0.42304274411687154 6.243018456786079
	28.412779807056303 -0.4271385570645566 6.242253088328876
	28.37419429418601 -0.43123551317536507 6.241480600165095
	28.335653434565216 -0.4353336086330096 6.240700992294736
	28.297157228193925 -0.4394328396007399 6.239914264717798
	28.25870567507212 -0.44353320222127296 6.239120417434282
	28.220298775199826 -0.4476346926167142 6.238319450444185
	28.181936528577015 -0.45173730688849345 6.237511363747511
	28.143618935203705 -0.45584104111728446 6.236696157344258
	28.105345995079897 -0.4599458913629359 6.235873831234426
	28.06711770820558 -0.4640518536644 6.235044385418017
	28.028934074580764 -0.46815892403965503 6.234207819895028
	27.990795094205442 -0.472267098485636 6.233364134665461
	27.95270076707962 -0.47637637297815827 6.232513329729314
	27.91465109320329 -0.48048674347184683 6.23165540508659
	27.876646072576452 -0.48459820590006075 6.230790360737287
	27.838685705199122 -0.48871075617481735 6.229918196681405
	27.800769991071284 -0.4928243901867244 6.229038912918945
	27.762898930192943 -0.4969391038048993 6.228152509449906
	27.7250725225641 -0.5010548928768994 6.227258986274288
	27.687290768184752 -0.5051717532286448 6.226358343392091
	27.6495536670549 -0.5092896806643455 6.225450580803317
	27.61186121917455 -0.5134086709664245 6.224535698507963
	27.574213424543693 -0.5175287198954478 6.223613696506031
	27.53661028316233 -0.5216498231900433 6.22268457479752
	27.499051795030468 -0.525771976566829 6.221748333382431
	27.4615379601481 -0.5298951757203385 6.220804972260762
	27.424068778515228 -0.5340194163229439 6.219854491432516
	27.38664425013186 -0.5381446940247795 6.218896890897692
	27.349264374997983 -0.5422710044536698 6.217932170656287
	27.311929153113603 -0.54639834321505 6.216960330708305
	27.27463858447872 -0.5505267058918921 6.215981371053743
	27.23739266909333 -0.554656088044628 6.2149952916926035
	27.200191406957444 -0.5587864852110727 6.214002092624885
	27.16303479807105 -0.5629178929063514 6.213001773850588
	27.12592284243416 -0.5670503066228169 6.211994335369712
	27.088855540046758 -0.5711837218299813 6.210979777182258
	27.05183289090886 -0.5753181339744307 6.209958099288225
	27.014854895020452 -0.5794535384797548 6.208929301687613
	26.97792155238154 -0.5835899307464665 6.207893384380422
	26.941032862992135 -0.5877273061519259 6.206850347366655
	26.904188826852216 -0.5918656600502646 6.205800190646306
	26.867389443961795 -0.5960049877723061 6.204742914219381
	26.83063471432088 -0.6001452846254881 6.2036785180858764
	26.793924637929457 -0.6042865458937884 6.2026070022457915
	26.757259214787524 -0.6084287668376445 6.20152836669913
	26.720638444895094 -0.6125719426938742 6.20044261144589
	26.684062328252164 -0.6167160686756024 6.199349736486071
	26.647530864858723 -0.6208611399721804 6.198249741819673
	26.61104405471478 -0.6250071517491061 6.197142627446696
	26.574601897820344 -0.6291540991479491 6.19602839336714
	26.538204394175388 -0.6333019772862721 6.1949070395810075
	26.501851543779942 -0.6374507812575482 6.193778566088295
	26.465543346633986 -0.6416005061310881 6.192642972889003
	26.42927980273753 -0.6457511469519578 6.191500259983135
	26.393060912090572 -0.6499026987409006 6.190350427370687
	26.35688667469311 -0.6540551564942596 6.189193475051661
	26.32075709054514 -0.658208515183897 6.188029403026053
	26.28467215964667 -0.6623627697571148 6.1868582112938695
	26.2486318819977 -0.6665179151365784 6.185679899855107
	26.212636257598223 -0.6706739462202336 6.184494468709766
	26.176685286448247 -0.6748308578812301 6.183301917857846
	26.140778968547764 -0.6789886449678422 6.182102247299348
	26.104917303896777 -0.6831473023033852 6.1808954570342705
	26.069100292495285 -0.6873068246861413 6.179681547062615
	26.033327934343298 -0.6914672068892754 6.17846051738438
	25.997600229440803 -0.6956284436607593 6.177232367999566
	25.9619171777878 -0.6997905297232879 6.175997098908175
	25.926278779384297 -0.7039534597742009 6.1747547101102045
	25.890685034230295 -0.7081172284854029 6.173505201605655
	25.855135942325788 -0.7122818305032846 6.172248573394528
	25.819631503670777 -0.7164472604486395 6.170984825476822
	25.784171718265263 -0.7206135129165856 6.1697139578525375
	25.74875658610924 -0.7247805824764842 6.168435970521673
	25.713386107202723 -0.72894846367186 6.167150863484232
	25.678060281545697 -0.7331171510203206 6.165858636740211
	25.64277910913817 -0.7372866390134752 6.164559290289612
	25.60754258998014 -0.7414569221168544 6.163252824132433
	25.572350724071608 -0.7456279947698293 6.161939238268675
	25.537203511412567 -0.7497998513855314 6.160618532698341
	25.50210095200303 -0.7539724863507685 6.159290707421427
	25.467043045842985 -0.7581458940259495 6.157955762437934
	25.432029792932436 -0.7623200687449978 6.156613697747863
	25.397061193271387 -0.7664950048152733 6.155264513351214
	25.362137246859838 -0.77067069651749 6.153908209247985
	25.327257953697778 -0.7748471381056368 6.152544785438178
	25.29242331378522 -0.7790243238068921 6.151174241921792
	25.257633327122157 -0.7832022478215475 6.14979657869883
	25.222887993708593 -0.7873809043229217 6.148411795769285
	25.188187313544525 -0.7915602874572838 6.147019893133163
	25.15353128662995 -0.7957403913437678 6.145620870790463
	25.11891991296487 -0.7999212100742931 6.144214728741184
	25.084353192549294 -0.8041027377134816 6.142801466985327
	25.049831125383207 -0.8082849682985792 6.141381085522891
	25.015353711466627 -0.8124678958393698 6.139953584353876
	24.98092095079954 -0.8166515143180975 6.138518963478283
	24.946532843381945 -0.8208358176893832 6.137077222896111
	24.91218938921385 -0.8250207998801414 6.1356283626073616
	24.87789058829525 -0.8292064547895014 6.134172382612031
	24.84363644062615 -0.8333927762887239 6.132709282910124
	24.809426946206546 -0.8375797582211182 6.131239063501638
	24.775262105036436 -0.8417673944019634 6.129761724386572
	24.74114191711583 -0.8459556786184228 6.128277265564928
	24.70706638244471 -0.8501446046294658 6.126785687036707
	24.673035501023094 -0.8543341661657821 6.125286988801905
	24.639049272850976 -0.8585243569297026 6.123781170860525
	24.605107697928347 -0.8627151705951175 6.122268233212569
	24.571210776255228 -0.8669066008073911 6.120748175858032
	24.537358507831595 -0.871098641183286 6.119220998796917
	24.50355089265746 -0.8752912853108741 6.117686702029222
	24.469787930732824 -0.8794845267494591 6.116145285554949
	24.43606962205768 -0.8836783590294943 6.114596749374098
	24.402395966632042 -0.8878727756524974 6.113041093486667
	24.36876696445589 -0.8920677700909748 6.11147831789266
	24.33518261552924 -0.8962633357883316 6.1099084225920715
	24.30164291985209 -0.9004594661587971 6.108331407584906
	24.268147877424436 -0.9046561545873376 6.106747272871162
	24.234697488246272 -0.908853394429579 6.105156018450839
	24.201291752317616 -0.9130511790117194 6.103557644323937
	24.167930669638448 -0.9172495016304535 6.101952150490456
	24.134614240208776 -0.9214483555528867 6.100339536950397
	24.101342464028605 -0.9256477340164525 6.09871980370376
	24.06811534109793 -0.9298476302288352 6.097092950750543
	24.03493287141675 -0.9340480373678841 6.095458978090749
	24.00179505498507 -0.9382489485815332 6.093817885724375
	23.968701891802883 -0.9424503569877212 6.092169673651425
	23.935653381870196 -0.9466522556743059 6.090514341871893
	23.902649525187 -0.9508546376989869 6.088851890385784
	23.86969032175331 -0.9550574960892212 6.087182319193095
	23.83677577156911 -0.959260823842144 6.08550562829383
	23.80390587463441 -0.9634646139244837 6.083821817687983
	23.771080630949207 -0.9676688592724857 6.08213088737556
	23.7383000405135 -0.9718735527918266 6.0804328373565575
	23.705564103327287 -0.9760786873575358 6.078727667630977
	23.672872819390573 -0.9802842558139115 6.0770153781988165
	23.640226188703355 -0.9844902509744439 6.075295969060078
	23.607624211265637 -0.988696665621729 6.0735694402147615
	23.57506688707741 -0.9929034925073931 6.071835791662866
	23.542554216138686 -0.9971107243520059 6.0700950234043916
	23.510086198449457 -1.0013183538450063 6.068347135439338
	23.477662834009724 -1.005526373644617 6.066592127767707
	23.445284122819483 -1.0097347763777649 6.064830000389497
	23.412950064878743 -1.0139435546400013 6.0630607533047085
	23.3806606601875 -1.0181527009954217 6.06128438651334
	23.348415908745757 -1.022362207976585 6.0595009000153945
	23.316215810553505 -1.0265720680844337 6.057710293810871
	23.284060365610753 -1.0307822737882117 6.055912567899767
	23.251949573917493 -1.034992817525389 6.054107722282085
	23.219883435473736 -1.0392036917015763 6.052295756957824
	23.187861950279476 -1.0434148886904495 6.050476671926985
	23.155885118334712 -1.0476264008336689 6.048650467189567
	23.12395293963944 -1.0518382204407979 6.046817142745572
	23.09206541419367 -1.0560503397892265 6.044976698594996
	23.060222541997394 -1.0602627511240899 6.043129134737843
	23.028424323050615 -1.06447544665819 6.04127445117411
	22.996670757353332 -1.068688418571918 6.0394126479037995
	22.964961844905552 -1.072901659013173 6.03754372492691
	22.93329758570726 -1.077115160097286 6.035667682243442
	22.90167797975847 -1.081328913906938 6.033784519853395
	22.870103027059177 -1.0855429124920866 6.03189423775677
	22.838572727609378 -1.0897571478698833 6.0299968359535665
	22.807087081409076 -1.0939716120245973 6.028092314443782
	22.775646088458274 -1.0981862969075384 6.0261806732274215
	22.744249748756964 -1.1024011944369783 6.024261912304484
	22.712898062305158 -1.1066162964980728 6.022336031674964
	22.68159102910284 -1.1108315949427874 6.020403031338866
	22.650328649150023 -1.1150470815898148 6.018462911296192
	22.619110922446705 -1.119262748224504 6.016515671546936
	22.587937848992883 -1.1234785865987793 6.014561312091103
	22.556809428788554 -1.127694588431067 6.012599832928692
	22.52572566183372 -1.1319107454062154 6.0106312340597015
	22.49468654812839 -1.1361270491754223 6.008655515484133
	22.463692087672552 -1.1403434913561572 6.006672677201985
	22.43274228046621 -1.1445600635320856 6.0046827192132595
	22.401837126509374 -1.148776757252995 6.002685641517954
	22.370976625802026 -1.1529935640347198 6.000681444116071
	22.340160778344178 -1.1572104753590626 5.998670127007609
	22.309389584135822 -1.161427482673726 5.996651690192569
	22.27866304317697 -1.1656445773922308 5.994626133670948
	22.24798115546761 -1.1698617508938485 5.9925934574427515
	22.21734392100775 -1.1740789945235226 5.990553661507974
	22.186751339797382 -1.1782962995917978 5.988506745866619
	22.156203411836515 -1.182513657374744 5.9864527105186855
	22.125700137125143 -1.1867310591138864 5.984391555464173
	22.095241515663268 -1.1909484960161298 5.982323280703082
	22.06482754745089 -1.195165959253687 5.9802478862354125
	22.034458232488007 -1.1993834399640064 5.978165372061164
	22.004133570774624 -1.2036009292497014 5.976075738180337
	21.973853562310733 -1.2078184181784761 5.973978984592931
	21.943618207096346 -1.2120358977830552 5.971875111298948
	21.913427505131448 -1.216253359061114 5.969764118298385
	21.88328145641605 -1.2204707929752054 5.967646005591243
	21.853180060950155 -1.2246881904526905 5.9655207731775235
	21.823123318733746 -1.22890554238567 5.963388421057224
	21.79311122976684 -1.2331228396309104 5.961248949230346
	21.76314379404943 -1.2373400730097792 5.9591023576968905
	21.733221011581517 -1.2415572333081715 5.956948646456857
	21.7033428823631 -1.245774311276445 5.954787815510244
	21.673509406394178 -1.2499912976293486 5.952619864857051
	21.643720583674757 -1.2542081830459557 5.950444794497281
	21.61397641420483 -1.2584249581695963 5.948262604430932
	21.584276897984402 -1.2626416136077896 5.946073294658004
	21.554622035013466 -1.2668581399321772 5.943876865178499
	21.525011825292033 -1.2710745276784552 5.941673315992412
	21.495446268820093 -1.2752907673463107 5.9394626470997505
	21.465925365597645 -1.2795068493993536 5.937244858500508
	21.436449115624704 -1.2837227642650502 5.935019950194686
	21.407017518901256 -1.2879385023346632 5.932787922182287
	21.377630575427304 -1.2921540539631817 5.9305487744633085
	21.348288285202848 -1.2963694094692597 5.928302507037753
	21.318990648227892 -1.300584559135151 5.926049119905617
	21.28973766450243 -1.3047994932066485 5.923788613066904
	21.26052933402646 -1.3090142018930175 5.92152098652161
	21.23136565679999 -1.3132286753669367 5.9192462402697394
	21.202246632823023 -1.3174429037644328 5.916964374311289
	21.173172262095548 -1.321656877184824 5.914675388646261
	21.14414254461757 -1.3258705856906532 5.912379283274654
	21.11515748038909 -1.3300840193076318 5.910076058196469
	21.086217069410104 -1.3342971680245765 5.907765713411703
	21.057321311680617 -1.3385100217933523 5.905448248920361
	21.028470207200627 -1.3427225705288108 5.903123664722438
	20.999663755970133 -1.3469348041087346 5.900791960817939
	20.97090195798913 -1.3511467123737764 5.89845313720686
	20.942184813257633 -1.3553582851274015 5.896107193889203
	20.913512321775627 -1.3595695121358344 5.893754130864966
	20.88488448354312 -1.3637803831279969 5.891393948134151
	20.856301298560115 -1.3679908877954554 5.889026645696759
	20.827762766826602 -1.372201015792366 5.886652223552787
	20.79926888834258 -1.3764107567354174 5.884270681702236
	20.770819663108064 -1.3806201002037761 5.881882020145107
	20.74241509112304 -1.3848290357390358 5.879486238881399
	20.714055172387518 -1.3890375528451608 5.877083337911112
	20.685739906901485 -1.3932456409884366 5.874673317234248
	20.657469294664953 -1.3974532895974143 5.872256176850804
	20.629243335677916 -1.4016604880628616 5.869831916760781
	20.60106202994038 -1.4058672257377107 5.86740053696418
	20.572925377452336 -1.4100734919370095 5.864962037461001
	20.54483337821379 -1.4142792759378693 5.862516418251243
	20.516786032224744 -1.41848456697942 5.860063679334905
	20.488783339485188 -1.4226893542627572 5.857603820711989
	20.460825299995136 -1.4268936269508954 5.855136842382496
	20.432911913754577 -1.4310973741687256 5.852662744346424
	20.405043180763514 -1.435300585002963 5.850181526603772
	20.37721910102195 -1.4395032485021024 5.847693189154542
	20.34943967452988 -1.4437053536763766 5.845197731998733
	20.321704901287312 -1.4479068894977076 5.8426951551363455
	20.294014781294237 -1.4521078448996672 5.84018545856738
	20.26636931455066 -1.4563082087774295 5.837668642291835
	20.238768501056576 -1.4605079699877326 5.835144706309713
	20.211212340811993 -1.4647071173488329 5.832613650621011
	20.183700833816903 -1.4689056396404694 5.830075475225729
	20.156233980071313 -1.4731035256038187 5.82753018012387
	20.12881177957522 -1.4773007639414595 5.824977765315433
	20.10143423232862 -1.481497343317331 5.822418230800416
	20.074101338331527 -1.4856932523566961 5.819851576578822
	20.046813097583925 -1.4898884796461065 5.817277802650649
	20.019569510085816 -1.4940830137333627 5.814696909015897
	19.992370575837207 -1.4982768431274804 5.812108895674566
	19.965216294838093 -1.5024699562986563 5.809513762626657
	19.93810666708848 -1.5066623416782325 5.806911509872169
	19.911041692588356 -1.510853987658667 5.804302137411103
	19.884021371337735 -1.5150448825934955 5.801685645243457
	19.85704570333661 -1.5192350147973057 5.799062033369233
	19.830114688584978 -1.5234243725457048 5.796431301788431
	19.803228327082845 -1.5276129440752875 5.793793450501049
	19.77638661883021 -1.5318007175836112 5.791148479507089
	19.749589563827072 -1.535987681229165 5.78849638880655
	19.722837162073432 -1.5401738231313442 5.785837178399434
	19.69612941356928 -1.544359131370424 5.783170848285738
	19.669466318314637 -1.5485435939875312 5.780497398465464
	19.642847876309485 -1.5527271989846252 5.777816828938612
	19.61627408755383 -1.5569099343244714 5.77512913970518
	19.589744952047674 -1.5610917879306183 5.772434330765169
	19.56326046979101 -1.5652727476873776 5.7697324021185805
	19.536820640783844 -1.569452801439802 5.767023353765413
	19.510425465026177 -1.5736319369936669 5.7643071857056665
	19.484074942518006 -1.5778101421154518 5.761583897939342
	19.457769073259335 -1.58198740453232 5.7588534904664375
	19.431507857250153 -1.5861637119321077 5.756115963286956
	19.405291294490475 -1.5903390519633005 5.753371316400896
	19.379119384980292 -1.5945134122350264 5.750619549808257
	19.352992128719603 -1.5986867803170373 5.747860663509039
	19.326909525708412 -1.6028591437396977 5.745094657503243
	19.300871575946722 -1.6070304899939745 5.742321531790867
	19.274878279434525 -1.611200806531425 5.739541286371915
	19.248929636171827 -1.6153700807641873 5.736753921246382
	19.22302564615862 -1.619538300064975 5.733959436414271
	19.197166309394913 -1.6237054517670657 5.731157831875581
	19.171351625880703 -1.6278715231642984 5.728349107630313
	19.145581595615994 -1.6320365015110665 5.725533263678466
	19.119856218600773 -1.6362003740223159 5.722710300020041
	19.094175494835056 -1.6403631278735398 5.719880216655037
	19.068539424318832 -1.64452475020078 5.717043013583455
	19.042948007052114 -1.6486852281006237 5.7141986908052935
	19.01740124303488 -1.6528445486302092 5.7113472483205525
	18.991899132267147 -1.6570026988072204 5.708488686129234
	18.966441674748914 -1.6611596656098968 5.705623004231337
	18.941028870480174 -1.6653154359770355 5.702750202626861
	18.91566071946093 -1.6694699968079958 5.699870281315807
	18.890337221691187 -1.673623334962707 5.696983240298173
	18.865058377170936 -1.6777754372616789 5.694089079573962
	18.839824185900184 -1.681926290486007 5.691187799143172
	18.814634647878936 -1.686075881377386 5.688279399005803
	18.789489763107177 -1.6902241966381222 5.685363879161855
	18.764389531584914 -1.6943712229311452 5.682441239611329
	18.739333953312148 -1.6985169468800227 5.679511480354224
	18.714323028288884 -1.702661355068977 5.6765746013905405
	18.68935675651511 -1.7068044340429038 5.673630602720278
	18.66443513799084 -1.710946170307388 5.670679484343438
	18.63955817271606 -1.7150865503287254 5.667721246260018
	18.614725860690783 -1.719225560533944 5.664755888470021
	18.589938201914997 -1.7233631873108275 5.6617834109734435
	18.56519519638871 -1.727499417007937 5.658803813770288
	18.54049684411192 -1.7316342359346406 5.655817096860555
	18.515843145084624 -1.7357676303611373 5.652823260244243
	18.49123409930683 -1.7398995865184848 5.6498223039213515
	18.46666970677853 -1.7440300905986346 5.6468142278918805
	18.442149967499724 -1.7481591287544584 5.643799032155831
	18.41767488147041 -1.7522866870997835 5.640776716713205
	18.393244448690606 -1.7564127517094243 5.637747281564
	18.368858669160293 -1.7605373086192242 5.6347107267082155
	18.344517542879476 -1.764660343826087 5.631667052145851
	18.320221069848152 -1.7687818432880205 5.62861625787691
	18.29596925006633 -1.7729017929241726 5.625558343901391
	18.271762083534007 -1.7770201786148787 5.6224933102192916
	18.247599570251175 -1.7811369862017024 5.619421156830613
	18.223481710217843 -1.7852522014874805 5.616341883735358
	18.199408503434007 -1.7893658102363719 5.613255490933524
	18.175379949899668 -1.7934777981739052 5.6101619784251096
	18.151396049614824 -1.79758815098703 5.607061346210116
	18.127456802579474 -1.8016968543241667 5.603953594288547
	18.10356220879363 -1.805803893795262 5.600838722660397
	18.07971226825728 -1.8099092549718452 5.5977167313256695
	18.055906980970423 -1.8140129233870836 5.594587620284363
	18.03214634693306 -1.8181148845358415 5.591451389536479
	18.0084303661452 -1.8222151238747397 5.588308039082014
	17.984759038606835 -1.826313626822221 5.585157568920971
	17.96113236431797 -1.8304103787586123 5.58199997905335
	17.937550343278595 -1.834505365026191 5.578835269479151
	17.914012975488724 -1.8385985709292492 5.575663440198373
	17.890520260948342 -1.8426899817341715 5.572484491211015
	17.86707219965746 -1.846779582669497 5.569298422517079
	17.84366879161608 -1.8508673589259985 5.5661052341165655
	17.82031003682419 -1.8549532956567563 5.562904926009473
	17.7969959352818 -1.859037377977233 5.559697498195801
	17.773726486988902 -1.863119590965356 5.55648295067555
	17.750501691945505 -1.867199919661595 5.553261283448723
	17.727321550151604 -1.871278349069047 5.550032496515316
	17.704186061607206 -1.8753548641535194 5.5467965898753295
	17.681095226312298 -1.879429449843619 5.543553563528764
	17.658049044266885 -1.8835020910308373 5.540303417475622
	17.635047515470973 -1.8875727725696427 5.5370461517159
	17.61209063992456 -1.8916414792775753 5.5337817662496
	17.589178417627636 -1.8957081959353392 5.53051026107672
	17.566310848580216 -1.8997729072868987 5.527231636197262
	17.543487932782288 -1.9038355980395794 5.523945891611227
	17.52070967023386 -1.9078962528641676 5.520653027318612
	17.497976060934928 -1.911954856395014 5.517353043319418
	17.47528710488549 -1.9160113932301401 5.514045939613646
	17.452642802085553 -1.9200658479313404 5.510731716201295
	17.43004315253511 -1.9241182050243009 5.507410373082366
	17.407488156234162 -1.9281684489987014 5.504081910256857
	17.384977813182715 -1.9322165643083364 5.500746327724771
	17.362512123380764 -1.936262535371227 5.497403625486105
	17.34009108682831 -1.9403063465697419 5.4940538035408615
	17.31771470352535 -1.9443479822507164 5.490696861889037
	17.295382973471888 -1.9483874267255759 5.487332800530638
	17.273095896667922 -1.9524246642704606 5.483961619465658
	17.25085347311346 -1.9564596791263535 5.4805833186941
	17.22865570280849 -1.9604924554992122 5.4771978982159615
	17.20650258575301 -1.964522977560098 5.473805358031245
	17.184394121947033 -1.9685512294453102 5.4704056981399525
	17.16233031139055 -1.9725771952565274 5.466998918542079
	17.14031115408357 -1.9766008590609414 5.463585019237626
	17.11833665002608 -1.9806222048914053 5.460164000226596
	17.09640679921809 -1.9846412167465697 5.456735861508989
	17.0745216016596 -1.9886578785910387 5.453300603084801
	17.052681057350604 -1.992672174355512 5.449858224954035
	17.0308851662911 -1.9966840879369412 5.446408727116689
	17.0091339284811 -2.0006936031986786 5.442952109572767
	16.987427343920594 -2.004700703970641 5.4394883723222645
	16.965765412609578 -2.0087053740494665 5.436017515365183
	16.944148134548065 -2.0127075971986734 5.4325395387015245
	16.92257550973605 -2.016707357148828 5.429054442331287
	16.901047538173536 -2.0207046375977127 5.4255622262544705
	16.879564219860512 -2.024699422210495 5.422062890471074
	16.85812555479698 -2.0286916946198996 5.4185564349811015
	16.836731542982957 -2.0326814384263803 5.415042859784549
	16.815382184418425 -2.0366686371983094 5.411522164881418
	16.794077479103386 -2.0406532744721457 5.407994350271707
	16.772817427037847 -2.0446353337526237 5.40445941595542
	16.751602028221807 -2.048614798512943 5.400917361932553
	16.730431282655264 -2.052591652194952 5.3973681882031075
	16.709305190338217 -2.056565878209344 5.393811894767083
	16.688223751270662 -2.0605374599358504 5.3902484816244804
	16.667186965452608 -2.064506380723438 5.386677948775299
	16.64619483288405 -2.068472623890511 5.3831002962195384
	16.62524735356499 -2.0724361727251153 5.3795155239572
	16.60434452749542 -2.0763970104851435 5.375923631988283
	16.583486354675358 -2.080355120398545 5.372324620312788
	16.56267283510479 -2.084310485663539 5.368718488930712
	16.541903968783714 -2.0882630894488328 5.365105237842059
	16.521179755712136 -2.092212914893833 5.361484867046828
	16.500500195890055 -2.096159945108875 5.3578573765450175
	16.479865289317473 -2.1001041631754442 5.354222766336627
	16.459275035994388 -2.104045552146406 5.35058103642166
	16.438729435920795 -2.107984095046235 5.346932186800113
	16.418228489096702 -2.111919774871249 5.343276217471989
	16.39777219552211 -2.115852574589849 5.339613128437286
	16.377360555197008 -2.119782477142759 5.335942919696003
	16.3569935681214 -2.1237094654432696 5.3322655912481425
	16.3366712342953 -2.1276335223774825 5.328581143093703
	16.316393553718687 -2.131554630804569 5.324889575232685
	16.296160526391578 -2.135472773557014 5.321190887665087
	16.275972152313955 -2.1393879334408825 5.317485080390913
	16.25582843148584 -2.143300093236071 5.313772153410159
	16.23572936390722 -2.1472092356965797 5.310052106722826
	16.215674949578094 -2.151115343550778 5.306324940328915
	16.195665188498467 -2.1550183995016696 5.302590654228426
	16.17570008066833 -2.1589183862271755 5.298849248421357
	16.155779626087696 -2.1628152863804044 5.29510072290771
	16.135903824756557 -2.1667090825899415 5.291345077687485
	16.116072676674918 -2.1705997574601272 5.287582312760679
	16.09628618184277 -2.1744872935713486 5.2838124281272965
	16.076544340260124 -2.1783716734803313 5.280035423787336
	16.056847151926974 -2.1822528797204352 5.276251299740794
	16.03719461684332 -2.186130894801955 5.272460055987676
	16.017586735009164 -2.1900057012124226 5.26866169252798
	15.998023506424504 -2.193877281416914 5.264856209361702
	15.978504931089338 -2.19774561785836 5.261043606488847
	15.959031009003672 -2.2016106929578605 5.257223883909414
	15.939601740167502 -2.2054724891150053 5.253397041623402
	15.920217124580828 -2.2093309887081936 5.249563079630812
	15.900877162243649 -2.2131861740949605 5.245721997931641
	15.881581853155968 -2.217038027612309 5.241873796525895
	15.862331197317788 -2.2208865315770403 5.238018475413568
	15.843125194729101 -2.2247316682860965 5.234156034594664
	15.82396384538991 -2.2285734200168994 5.230286474069179
	15.804847149300215 -2.2324117690276966 5.226409793837116
	15.785775106460024 -2.236246697557911 5.2225259938984765
	15.766747716869325 -2.2400781878284994 5.218635074253256
	15.747764980528121 -2.2439062220423054 5.214737034901457
	15.728826897436415 -2.247730782384424 5.2108318758430805
	15.709933467594205 -2.251551851022568 5.206919597078127
	15.691084691001493 -2.255369410107439 5.20300019860659
	15.672280567658278 -2.259183441773103 5.199073680428477
	15.653521097564557 -2.2629939281373694 5.1951400425437875
	15.63480628072034 -2.2668008513021722 5.191199284952517
	15.616136117125615 -2.2706041933539653 5.187251407654668
	15.597510606780386 -2.274403936364106 5.18329641065024
	15.578929749684649 -2.2782000623892578 5.1793342939392355
	15.56039354583842 -2.281992553471787 5.175365057521651
	15.541901995241682 -2.2857813916401755 5.171388701397488
	15.52345509789444 -2.289566558909426 5.167405225566745
	15.505052853796695 -2.2933480372814756 5.1634146300294255
	15.486695262948448 -2.2971258087456197 5.159416914785527
	15.468382325349697 -2.300899855278934 5.155412079835048
	15.450114041000443 -2.3046701588467036 5.151400125177991
	15.431890409900685 -2.308436701402855 5.147381050814357
	15.413711432050425 -2.312199464890395 5.143354856744145
	15.395577107449665 -2.315958431241857 5.139321542967352
	15.377487436098395 -2.3197135823797455 5.135281109483981
	15.359442417996624 -2.3234649002169867 5.13123355629403
	15.341442053144354 -2.327212366657391 5.127178883397503
	15.323486341541578 -2.330955963596113 5.123117090794397
	15.305575283188297 -2.3346956729201187 5.119048178484712
	15.287708878084512 -2.3384314765086587 5.114972146468447
	15.269887126230229 -2.3421633562337427 5.110888994745605
	15.252110027625442 -2.3458912939606287 5.106798723316184
	15.234377582270145 -2.3496152715483047 5.1027013321801835
	15.216689790164349 -2.3533352708499824 5.098596821337606
	15.19904665130805 -2.357051273713597 5.094485190788449
	15.181448165701251 -2.3607632619823082 5.090366440532713
	15.163894333343944 -2.3644712174950144 5.086240570570398
	15.146385154236134 -2.3681751220868574 5.082107580901505
	15.128920628377825 -2.371874957589748 5.077967471526034
	15.111500755769011 -2.37557070583289 5.0738202424439836
	15.09412553640969 -2.379262348643309 5.069665893655353
	15.076794970299868 -2.3829498678463867 5.065504425160148
	15.059509057439545 -2.3866332452664043 5.061335836958362
	15.04226779782872 -2.390312462727088 5.057160129049997
	15.025071191467385 -2.3939875020521635 5.052977301435052
	15.00791923835555 -2.3976583450659077 5.048787354113531
	14.990811938493213 -2.4013249735937197 5.0445902870854304
	14.973749291880376 -2.404987369462685 5.0403861003507515
	14.956731298517031 -2.4086455145021546 5.036174793909493
	14.939757958403181 -2.412299390544322 5.031956367761658
	14.922829271538834 -2.4159489794248117 5.027730821907242
	14.90594523792398 -2.419594262983273 5.023498156346249
	14.88910585755862 -2.4232352230639784 5.019258371078675
	14.872311130442762 -2.426871841516426 5.015011466104524
	14.8555610565764 -2.430504100195954 5.010757441423795
	14.838855635959534 -2.434131980964355 5.006496297036486
	14.822194868592163 -2.437755465690501 5.002228032942599
	14.80557875447429 -2.44137453625097 4.997952649142134
	14.789007293605914 -2.444989174530685 4.993670145635091
	14.772480485987037 -2.448599362423553 4.989380522421467
	14.755998331617652 -2.4522050818331174 4.985083779501266
	14.739560830497766 -2.4558063146732056 4.980779916874486
	14.723167982627377 -2.459403042868598 4.976468934541128
	14.70681978800649 -2.4629952483556905 4.97215083250119
	14.690516246635092 -2.466582913083173 4.967825610754674
	14.674257358513191 -2.470166019012705 4.96349326930158
	14.658043123640791 -2.4737445481196056 4.959153808141908
	14.641873542017887 -2.4773184823935517 4.954807227275655
	14.625748613644479 -2.4808878038392734 4.950453526702824
	14.609668338520565 -2.484452494477264 4.946092706423415
	14.593632716646153 -2.488012536344495 4.941724766437428
	14.577641748021236 -2.4915679114951392 4.937349706744862
	14.561695432645813 -2.4951186020012983 4.932967527345716
	14.545793770519888 -2.4986645899537376 4.928578228239992
	14.52993676164346 -2.5022058574626294 4.924181809427691
	14.514124406016533 -2.5057423866583055 4.919778270908811
	14.498356703639097 -2.5092741596920134 4.915367612683351
	14.482633654511158 -2.5128011587366794 4.910949834751313
	14.466955258632717 -2.5163233659876822 4.906524937112695
	14.451321516003777 -2.5198407636636317 4.9020929197675
	14.435732426624329 -2.523353334007158 4.897653782715727
	14.420187990494378 -2.5268610592857033 4.893207525957375
	14.404688207613926 -2.530363921792324 4.888754149492443
	14.38923307798297 -2.5338619038465042 4.884293653320933
	14.373822601601509 -2.5373549877949686 4.879826037442844
	14.358456778469545 -2.540843156012511 4.875351301858178
	14.343135608587081 -2.5443263909028233 4.870869446566932
	14.327859091954114 -2.547804674899344 4.866380471569108
	14.312627228570639 -2.551277990466102 4.861884376864705
	14.297440018436667 -2.5547463200985705 4.857381162453724
	14.28229746155219 -2.558209646324542 4.852870828336164
	14.267199557917207 -2.5616679517049943 4.848353374512025
	14.25214630753172 -2.5651212188349723 4.843828800981308
	14.23713771039573 -2.5685694303444833 4.839297107744012
	14.222173766509243 -2.572012568899388 4.834758294800137
	14.207254475872247 -2.575450617202317 4.830212362149682
	14.192379838484747 -2.578883557993576 4.825659309792652
	14.17754985434675 -2.5823113740520767 4.821099137729042
	14.162764523458245 -2.5857340481962705 4.816531845958853
	14.148023845819237 -2.5891515632850832 4.811957434482085
	14.133327821429724 -2.592563902218872 4.8073759032987375
	14.118676450289708 -2.595971047940381 4.802787252408813
	14.104069732399195 -2.599372983435711 4.79819148181231
	14.089507667758175 -2.602769691735299 4.793588591509227
	14.074990256366647 -2.6061611559149016 4.788978581499567
	14.060517498224625 -2.6095473590965885 4.784361451783327
	14.046089393332094 -2.6129282844497568 4.779737202360509
	14.03170594168906 -2.6163039151921343 4.7751058332311125
	14.017367143295525 -2.6196742345908106 4.770467344395136
	14.003072998151483 -2.6230392259632693 4.765821735852582
	13.988823506256942 -2.6263988726784278 4.761169007603451
	13.974618667611898 -2.629753158157694 4.756509159647739
	13.960458482216348 -2.63310206587603 4.75184219198545
	13.946342950070296 -2.636445579363018 4.747168104616581
	13.93227207117374 -2.639783682203949 4.742486897541134
	13.91824584552668 -2.6431163580409125 4.737798570759108
	13.904264273129117 -2.6464435905739006 4.733103124270502
	13.890327353981053 -2.649765363561918 4.728400558075321
	13.876435088082486 -2.65308166082411 4.723690872173558
	13.862587475433415 -2.656392466240891 4.718974066565218
	13.848784516033836 -2.659697763755094 4.7142501412503
	13.835026209883761 -2.662997537373117 4.709519096228802
	13.821312556983179 -2.666291771166099 4.704780931500726
	13.807643557332094 -2.6695804492710886 4.700035647066071
	13.794019210930506 -2.6728635558922322 4.695283242924837
	13.780439517778413 -2.6761410753019748 4.690523719077026
	13.766904477875823 -2.679412991842265 4.685757075522635
	13.753414091222723 -2.6826792899257823 4.680983312261666
	13.73996835781912 -2.685939954037158 4.676202429294118
	13.726567277665017 -2.6891949687342267 4.671414426619991
	13.713210850760413 -2.6924443186492786 4.666619304239286
	13.699899077105302 -2.695687988490324 4.661817062152002
	13.686631956699687 -2.698925963042372 4.65700770035814
	13.67340948954357 -2.702158227168718 4.652191218857698
	13.660231675636949 -2.7053847658122465 4.647367617650679
	13.647098514979827 -2.7086055639967452 4.64253689673708
	13.6340100075722 -2.711820606828229 4.637699056116904
	13.620966153414074 -2.715029879496276 4.632854095790149
	13.60796695250544 -2.7182333672753822 4.628002015756814
	13.595012404846303 -2.7214310555263177 4.623142816016901
	13.582102510436663 -2.724622929697504 4.6182764965704095
	13.569237269276519 -2.727808975326402 4.61340305741734
	13.556416681365876 -2.730989178040911 4.608522498557691
	13.543640746704726 -2.7341635235607846 4.6036348199914645
	13.530909465293073 -2.7373319976990516 4.598740021718657
	13.51822283713092 -2.740494586363457 4.593838103739274
	13.50558086221826 -2.743651275557917 4.588929066053311
	13.492983540555098 -2.746802051383981 4.584012908660768
	13.480430872141433 -2.7499469000423105 4.579089631561647
	13.467922856977266 -2.7530858078341747 4.574159234755949
	13.455459495062595 -2.756218761162953 4.569221718243671
	13.44304078639742 -2.7593457465356583 4.564277082024815
	13.430666730981741 -2.7624667505644687 4.55932532609938
	13.418337328815564 -2.7655817599682733 4.554366450467367
	13.406052579898876 -2.7686907615742413 4.549400455128774
	13.393812484231688 -2.77179374231939 4.544427340083603
	13.381617041813994 -2.774890689252181 4.5394471053318535
	13.369466252645804 -2.7779815895341216 4.534459750873526
	13.357360116727108 -2.7810664304413897 4.52946527670862
	13.345298634057906 -2.784145199366464 4.524463682837133
	13.333281804638203 -2.7872178838197748 4.51945496925907
	13.321309628467999 -2.7902844714313684 4.514439135974428
	13.309382105547288 -2.7933449499525893 4.509416182983205
	13.297499235876073 -2.7963993072577713 4.504386110285406
	13.285661019454354 -2.7994475313459506 4.4993489178810275
	13.273867456282135 -2.8024896103425894 4.49430460577007
	13.262118546359414 -2.805525532501321 4.489253173952535
	13.250414289686187 -2.808555286205707 4.48419462242842
	13.238754686262455 -2.8115788599710054 4.479128951197728
	13.227139736088226 -2.814596242445965 4.4740561602604565
	13.215569439163492 -2.8176074224146324 4.468976249616605
	13.20404379548825 -2.8206123887981707 4.463889219266177
	13.19256280506251 -2.8236111306566967 4.4587950692091685
	13.181126467886264 -2.8266036371911407 4.453693799445583
	13.169734783959514 -2.829589897745116 4.4485854099754185
	13.158387753282263 -2.8325699018068056 4.443469900798674
	13.147085375854507 -2.8355436390108726 4.438347271915354
	13.13582765167625 -2.8385110991403777 4.433217523325452
	13.12461458074749 -2.8414722721287244 4.428080655028973
	13.113446163068225 -2.844427148061614 4.422936667025916
	13.102322398638455 -2.8473757171790206 4.417785559316278
	13.091243287458182 -2.850317969877183 4.4126273319000635
	13.08020882952741 -2.853253896710618 4.40746198477727
	13.069219024846134 -2.8561834883941475 4.402289517947898
	13.058273873414354 -2.8591067358049447 4.397109931411947
	13.04737337523207 -2.8620236299846 4.391923225169417
	13.036517530299284 -2.8649341621412026 4.386729399220308
	13.025706338615992 -2.867838323651444 4.381528453564622
	13.014939800182196 -2.8707361060627363 4.376320388202356
	13.0042179149979 -2.873627501095352 4.371105203133512
	12.993540683063102 -2.8765125006445826 4.365882898358089
	12.982908104377795 -2.8793910967829155 4.360653473876088
	12.972320178941988 -2.8822632817622265 4.355416929687508
	12.961776906755683 -2.8851290480159983 4.35017326579235
	12.951278287818868 -2.8879883881615576 4.344922482190611
	12.940824322131553 -2.8908412950023203 4.339664578882296
	12.93041500969373 -2.8936877615300736 4.334399555867401
	12.92005035050541 -2.8965277809272645 4.329127413145928
	12.909730344566585 -2.8993613465693144 4.323848150717876
	12.899454991877255 -2.902188452026954 4.318561768583246
	12.88922429243742 -2.905009091068571 4.313268266742037
	12.879038246247088 -2.907823257662588 4.30796764519425
	12.868896853306248 -2.910630945979856 4.302659903939883
	12.858800113614906 -2.913432150396065 4.297345042978938
	12.848748027173063 -2.9162268654941794 4.292023062311414
	12.838740593980713 -2.919015086066896 4.286693961937313
	12.828777814037863 -2.921796807119115 4.281357741856632
	12.818859687344508 -2.924572023870439 4.276014402069372
	12.808986213900651 -2.927340731757688 4.270663942575535
	12.79915739370629 -2.93010292643744 4.265306363375118
	12.789373226761423 -2.9328586037885893 4.259941664468122
	12.779633713066056 -2.935607759914923 4.254569845854547
	12.769938852620184 -2.938350391147727 4.249190907534396
	12.760288645423813 -2.9410864940484043 4.243804849507664
	12.750683091476937 -2.943816065411123 4.2384116717743545
	12.741122190779556 -2.9465391022654774 4.233011374334466
	12.731605943331669 -2.9492556018791745 4.227603957187999
	12.722134349133285 -2.951965561760742 4.222189420334953
	12.712707408184395 -2.95466897966226 4.216767763775329
	12.703325120485 -2.9573658535821075 4.211338987509125
	12.693987486035104 -2.9600561817677358 4.205903091536345
	12.684694504834706 -2.9627399627184614 4.200460075856984
	12.675446176883801 -2.965417195188284 4.195009940471046
	12.666242502182396 -2.9680878781887174 4.189552685378527
	12.657083480730485 -2.9707520109916516 4.184088310579432
	12.647969112528076 -2.973409593132229 4.178616816073758
	12.638899397575159 -2.976060624411749 4.173138201861504
	12.62987433587174 -2.9787051049005844 4.167652467942672
	12.620893927417818 -2.9813430349411307 4.162159614317262
	12.611958172213392 -2.9839744151507652 4.156659640985272
	12.603067070258463 -2.9865992464248383 4.151152547946705
	12.59422062155303 -2.9892175299396753 4.145638335201558
	12.585418826097094 -2.991829267155606 4.140117002749833
	12.57666168389066 -2.9944344598200163 4.13458855059153
	12.567949194933716 -2.997033109970415 4.129052978726647
	12.55928135922627 -2.9996252199375237 4.123510287155185
	12.550658176768321 -3.002210792348389 4.117960475877147
	12.542079647559873 -3.0047898301295133 4.112403544892528
	12.533545771600917 -3.0073623365100084 4.106839494201331
	12.525056548891458 -3.009928315024761 4.101268323803556
	12.516611979431497 -3.0124877695176293 4.095690033699202
	12.508212063221036 -3.0150407041446523 4.090104623888268
	12.499856800260067 -3.017587123377281 4.084512094370757
	12.491546190548597 -3.0201270320056235 4.078912445146668
	12.483280234086623 -3.022660435141717 4.073305676215999
	12.47505893087415 -3.0251873382228127 4.0676917875787515
	12.466882280911166 -3.0277077470146834 4.062070779234926
	12.458750284197682 -3.0302216676149403 4.056442651184521
	12.450662940733695 -3.032729106456378 4.050807403427538
	12.442620250519207 -3.0352300703103303 4.045165035963976
	12.434622213554213 -3.0377245662900454 4.039515548793837
	12.426668829838716 -3.0402126018540736 4.033858941917117
	12.418760099372715 -3.042694184809677 4.028195215333819
	12.41089602215622 -3.0451693233162462 4.022524369043943
	12.40307659818921 -3.0476380258887468 4.016846403047488
	12.3953018274717 -3.0501003014011587 4.011161317344453
	12.387571710003686 -3.052556159089949 4.0054691119348425
	12.379886245785174 -3.055005608557546 3.9997697868186513
	12.372245434816156 -3.057448659775838 3.994063341995882
	12.364649277096632 -3.0598853230896657 3.988349777466534
	12.357097772626606 -3.0623156092203443 3.982629093230608
	12.34959092140608 -3.064739529269187 3.9769012892881026
	12.34212872343505 -3.0671570947210407 3.971166365639018
	12.33471117871351 -3.0695683174478314 3.9654243222833547
	12.327338287241474 -3.071973209712115 3.959675159221115
	12.320010049018933 -3.074371784170642 3.953918876452295
	12.31272646404589 -3.0767640538779237 3.948155473976896
	12.30548753232234 -3.0791500322898067 3.942384951794919
	12.298293253848287 -3.08152973326705 3.9366073099063645
	12.29114362862374 -3.0839031710789095 3.9308225483112302
	12.28403865664868 -3.0862703604067288 3.9250306670095156
	12.276978337923117 -3.088631316347518 3.919231666001225
	12.269962672447058 -3.0909860544175487 3.913425545286354
	12.26299166022049 -3.0933345905559477 3.9076123048649056
	12.256065301243417 -3.095676941128274 3.9017919447368787
	12.249183595515843 -3.098013122930114 3.895964464902273
	12.242346543037767 -3.1003431531906585 3.8901298653610876
	12.235554143809187 -3.102667049576281 3.8842881461133247
	12.228806397830104 -3.104984830194109 3.878439307158983
	12.222103305100521 -3.107296513595584 3.872583348498062
	12.21544486562043 -3.1096021187800202 3.8667202701305627
	12.208831079389837 -3.1119016651981424 3.860850072056485
	12.202261946408738 -3.114195172755621 3.854972754275829
	12.195737466677143 -3.1164826618165864 3.8490883167885936
	12.18925764019504 -3.1187641532071373 3.8431967595947794
	12.182822466962433 -3.1210396682188177 3.8372980826943874
	12.176431946979323 -3.1233092286120914 3.8313922860874166
	12.170086080245714 -3.125572856619782 3.825479369773867
	12.1637848667616 -3.127830574950503 3.819559333753739
	12.157528306526979 -3.130082406792056 3.8136321780270324
	12.15131639954186 -3.132328375814801 3.8076979025937465
	12.145149145806235 -3.134568506175011 3.8017565074538826
	12.139026545320105 -3.1368028225181797 3.7958079926074393
	12.132948598083473 -3.1390313499823117 3.789852358054419
	12.12691530409634 -3.1412541142011707 3.7838896037948184
	12.120926663358702 -3.143471141307495 3.7661097110647974
	12.10327161575759 -3.1500545646080935 3.7482058375313554
	12.085742308760814 -3.1566480368602003 3.730178872418779
	12.068339612989222 -3.163251518046501 3.712029711064891
	12.05106439277531 -3.169864967186531 3.693759254876586
	12.033917506120297 -3.1764883423343417 3.675368411285059
	12.016899804651514 -3.183121600576338 3.656858093700734
	12.000012133580107 -3.1897646980292773 3.638229221467904
	11.983255331659048 -3.196417589838446 3.6194827198190636
	11.9666302311415 -3.203080230176004 3.6006195198289612
	11.950137657739447 -3.2097525722395117 3.581640558368352
	11.933778430582722 -3.2164345682506306 3.5625467780574693
	11.917553362178294 -3.22312616945401 3.543339127219206
	11.901463258369928 -3.2298273261163577 3.5240185598320157
	11.885508918298157 -3.236537987525695 3.504586035482532
	11.869691134360597 -3.2432581019908064 3.4850425193179073
	11.85401069217258 -3.249987616840878 3.465388981997881
	11.83846837052815 -3.2567264784253296 3.4456263996465655
	11.823064941361364 -3.263474632113851 3.4257557538039682
	11.80780116970798 -3.270232022296629 3.4057780313772428
	11.792677813667426 -3.276998592384782 3.3856942245916684
	11.77769562436518 -3.2837742848109985 3.3655053309413745
	11.762855345915442 -3.290559041030378 3.345212353139797
	11.748157715384185 -3.297352801521486 3.3248162990698735
	11.733603462752551 -3.3041555057876146 3.304318181733991
	11.719193310880591 -3.310967092358259 3.283719019203667
	11.704927975471355 -3.317787498790808 3.2630198345689942
	11.690808165035364 -3.3246166616724477 3.2422216558878167
	11.676834580855402 -3.33145451662229 3.2213255161346774
	11.663007916951702 -3.3383009982937133 3.200332453149511
	11.649328860047461 -3.3451560403769305 3.1792435095860982
	11.635798089534743 -3.352019575601779 3.1580597328602797
	11.622416277440736 -3.3588915357407316 3.136782175097938
	11.609184088394366 -3.365771851612141 3.1154118930827375
	11.596102179593299 -3.372660453083701 3.0939499482036408
	11.583171200771291 -3.379557269076148 3.0723974064021915
	11.57039179416592 -3.386462227567186 3.050755338119573
	11.55776459448669 -3.3933752555956387 3.0290248182434443
	11.545290228883509 -3.4002962792658433 3.0072069260545526
	11.532969316915535 -3.407225223752269 2.9853027451731298
	11.520802470520414 -3.4141620133043706 2.9633133635050712
	11.50879029398387 -3.42110657125168 2.9412398731879072
	11.49693338390971 -3.428058820009128 2.919083370536555
	11.485232329190186 -3.4350186810826027 2.8968449559888723
	11.47368771097675 -3.441986075074744 2.874525734051001
	11.462300102651174 -3.448960921690977 2.8521268132425113
	11.4510700697971 -3.4559431397457705 2.8296493060413415
	11.439998170171922 -3.46293264716915 2.8070943288285504
	11.429084953679103 -3.4699293610134285 2.7844630018328655
	11.418330962340857 -3.476933197460183 2.7617564490750515
	11.407736730271226 -3.4839440718274655 2.7389757983120746
	11.397302783649552 -3.4909618985772517 2.716122180981101
	11.387029640694351 -3.497986591323114 2.6931967321432912
	11.376917811637565 -3.5050180628381464 2.67020059042744
	11.366967798699227 -3.5120562250631027 2.647134897973407
	11.35718009606252 -3.519100989114787 2.624000800375407
	11.34755518984922 -3.526152265294661 2.600799446625098
	11.338093558095567 -3.5332099630976925 2.57753198905453
	11.328795670728516 -3.5402739912214236 2.5541995832788946
	11.319661989542391 -3.5473442575752805 2.5308033881391467
	11.310692968175962 -3.554420669290096 2.507344565644436
	11.301889052089905 -3.5615031327278692 2.4838242809144044
	11.29325067854468 -3.5685915534917396 2.460243702121306
	11.284778276578816 -3.5756858364361936 2.4366040004320038
	11.276472266987598 -3.5827858856774797 2.4129063499497865
	11.26833306230217 -3.5898916046042535 2.389151927656064
	11.260361066769049 -3.5970028958884295 2.365341913351907
	11.252556676330038 -3.6041196614962545 2.3414774895994555
	11.24492027860257 -3.6112418026995847 2.3175598416631766
	11.23745225286046 -3.6183692200873807 2.293590157451002
	11.23015297001505 -3.625501813577403 2.2695696274553305
	11.223022792596803 -3.632639482428114 2.2454994446938934
	11.216062074737296 -3.6397821252507807 2.221380804650508
	11.209271162151625 -3.6469296400217757 2.1972149052156973
	11.202650392121239 -3.6540819240950757 2.1730029466272
	11.19620009347718 -3.661238874214948 2.148746131410353
	11.189920586583774 -3.66840038652883 2.1244456643183693
	11.183812183322685 -3.675566356600392 2.1001027522725035
	11.177875187077456 -3.682736679422785 2.075718604302103
	11.172109892718426 -3.689911249432062 2.0512944314845662
	11.166516586588084 -3.697089960520781 2.0268314468851854
	11.161095546486857 -3.7042727060517753 2.0023308654969054
	11.155847041659301 -3.7114593788720907 1.9777939041799724
	11.150771332780732 -3.7186498713270892 1.9532217816015003
	11.14586867194429 -3.7258440752747104 1.9286157181749435
	11.141139302648401 -3.733041882099887 1.9039769359994818
	11.136583459784696 -3.7402431827291154 1.879306658799324
	11.132201369626337 -3.7474478676451684 1.8546061118629273
	11.127993249816784 -3.7546558269019537 1.8298765219821473
	11.12395930935899 -3.7618669501395083 1.8051191173913002
	11.120099748604998 -3.7690811265991275 1.7803351277061643
	11.116414759246027 -3.776298245138623 1.7555257838629112
	11.112904524302913 -3.7835181942477 1.7306923180569638
	11.109569218117047 -3.790740862063464 1.7058359636818021
	11.1064090063417 -3.797966136386029 1.6809579552677043
	11.103424045933806 -3.805193904694244 1.6560595284204285
	11.100614485146158 -3.812424054161521 1.6311419197598482
	11.097980463520052 -3.8196564716717614 1.6062063668585305
	11.095522111878351 -3.8268910438353783 1.581254108180275
	11.093239552318988 -3.8341276570054035 1.5562863830185967
	11.091132898208903 -3.841366197293685 1.5313044314351791
	11.08920225417842 -3.8486065505871556 1.506309494198285
	11.087447716116035 -3.855848602564179 1.4813028127211287
	11.085869371163668 -3.8630922387109616 1.456285629000221
	11.084467297712317 -3.8703373443380276 1.431259185553683
	11.083241565398193 -3.8775838045967475 1.4062247253595364
	11.082192235099233 -3.884831504495921 1.3811834917939656
	11.081319358932092 -3.8920803289184067 1.3561367285695656
	11.080622980249547 -3.8993301626377854 1.3310856796735722
	11.080103133638353 -3.9065808903350643 1.3060315893060739
	11.079759844917517 -3.9138323966154056 1.2809174349676462
	11.079391598565488 -3.921102183464998 1.2558014068310257
	11.079391598565488 -3.9283722867068316 1.230685378694405
	11.079391598565488 -3.9356429454472357 1.2055693505577845
	11.079391598565488 -3.9429141597635833 1.180453322421164
	11.079391598565488 -3.9501859297332644 1.1553372942845432
	11.079391598565488 -3.957458255433686 1.1302212661479227
	11.079391598565488 -3.9647311369422713 1.1051052380113022
	11.079391598565488 -3.972004574336461 1.0799892098746815
	11.079391598565488 -3.979278567693712 1.054873181738061
	11.079391598565488 -3.986553117091497 1.0297571536014405
	11.079391598565488 -3.993828222607308 1.0046411254648198
	11.079391598565488 -4.001103884318651 0.9795250973281993
	11.079391598565488 -4.008380102303049 0.9544090691915788
	11.079391598565488 -4.015656876638045 0.9292930410549582
	11.079391598565488 -4.022934207401194 0.9041770129183377
	11.079391598565488 -4.0302120946700715 0.8790609847817173
	11.079391598565488 -4.037490538522267 0.8539449566450968
	11.079391598565488 -4.044769539035389 0.8288289285084763
	11.079391598565488 -4.052049096287061 0.8037129003718559
	11.079391598565488 -4.059329210354925 0.7785968722352354
	11.079391598565488 -4.066609881316638 0.7534808440986149
	11.079391598565488 -4.0738911092498755 0.7283648159619945
	11.079391598565488 -4.081172894232328 0.703248787825374
	11.079391598565488 -4.088455236341704 0.6781327596887535
	11.079391598565488 -4.095738135655728 0.653016731552133
	11.079391598565488 -4.103021592252143 0.6279007034155126
	11.079391598565488 -4.110305606208707 0.6027846752788921
	11.079391598565488 -4.117590177603193 0.5776686471422716
	11.079391598565488 -4.124875306513397 0.5525526190056512
	11.079391598565488 -4.132160993017125 0.5274365908690307
	11.079391598565488 -4.139447237192204 0.5023205627324102
	11.079391598565488 -4.1467340391164775 0.4772045345957897
	11.079391598565488 -4.154021398867803 0.4520885064591692
	11.079391598565488 -4.161309316524058 0.4269724783225487
	11.079391598565488 -4.168597792163134 0.40185645018592814
	11.079391598565488 -4.175886825862943 0.37674042204930763
	11.079391598565488 -4.18317641770141 0.3516243939126871
	11.079391598565488 -4.19046656775648 0.32650836577606657
	11.079391598565488 -4.197757276106113 0.30139233763944606
	11.079391598565488 -4.205048542828287 0.27627630950282556
	11.079391598565488 -4.212340368000993 0.251160281366205
	11.079391598565488 -4.219632751702247 0.2260442532295845
	11.079391598565488 -4.226925694010073 0.200928225092964
	11.079391598565488 -4.234219195002518 0.1758121969563435
	11.079391598565488 -4.241513254757642 0.150696168819723
	11.079391598565488 -4.248807873353525 0.1255801406831025
	11.079391598565488 -4.256103050868261 0.100464112546482
	11.079391598565488 -4.263398787379964 0.0753480844098615
	11.079391598565488 -4.270695082966763 0.050232056273241
	11.079391598565488 -4.277991937706805 0.0251160281366205
