 892
	32.75549463230573 0.0 8.742860106789266
	32.71178886845058 -0.003992950239308103 8.743533293177764
	32.66812647706908 -0.007986058160831738 8.74419915290032
	32.624507454236976 -0.011979322332017301 8.744857684533036
	32.5809317960147 -0.015972741313105384 8.745508886643554
	32.537399498446405 -0.01996631365752156 8.746152757790224
	32.49391055756067 -0.0239600379114731 8.746789296519731
	32.450464969369726 -0.027953912614071343 8.747418501370888
	32.40706272987004 -0.03194793629728445 8.748040370871784
	32.36370383504182 -0.035942107485919805 8.748654903540862
	32.320388280848725 -0.039936424697673514 8.749262097886207
	32.277116063238445 -0.043930886443095306 8.74986195240698
	32.23388717814224 -0.0479254912254019 8.75045446559072
	32.19070162147475 -0.051920237540805575 8.75103963591548
	32.14755938913398 -0.05591512387816228 8.751617461849174
	32.10446047700133 -0.059910148719161394 8.75218794184934
	32.061404880941794 -0.06390531053818985 8.752751074362395
	32.01839259680297 -0.06790060780244608 8.753306857825125
	31.975423620415896 -0.07189603897181794 8.75385529066318
	31.9324979475945 -0.07589160249893045 8.754396371291758
	31.889615574135803 -0.07988729682903392 8.754930098115326
	31.846776495819533 -0.08388312040014125 8.755456469527372
	31.803980708408076 -0.0878790716429073 8.755975483910783
	31.76122820764663 -0.09187514898064181 8.756487139636887
	31.718518989262943 -0.09587135082927138 8.756991435066656
	31.67585304896721 -0.0998676755973968 8.757488368548909
	31.633230382452012 -0.10386412168619641 8.757977938422723
	31.590650985392433 -0.10786068748943808 8.758460143014513
	31.548114853445426 -0.11185737139351745 8.75893498063988
	31.505621982250542 -0.11585417177734728 8.759402449602701
	31.463172367428772 -0.11985108701247608 8.75986254819545
	31.42076600458367 -0.12384811546289405 8.760315274698764
	31.378402889300208 -0.12784525548520728 8.76076062738158
	31.336083017145516 -0.1318425054284779 8.761198604501784
	31.293806383667995 -0.13583986363431888 8.761629204303533
	31.251572984397832 -0.1398373284368081 8.762052425020656
	31.209382814846844 -0.14383489816248668 8.762468264874174
	31.167235870507945 -0.14783257113039117 8.762876722072713
	31.125132146855492 -0.15183034565199208 8.763277794813197
	31.08307163934527 -0.15582822003117022 8.763671481279655
	31.041054343413595 -0.15982619256429412 8.764057779643508
	30.99908025447851 -0.1638242615400676 8.764436688064679
	30.957149367938474 -0.16782242523964339 8.764808204689103
	30.915261679172776 -0.17182068193655298 8.765172327650252
	30.87341718354186 -0.17581902989666515 8.765529055069724
	30.83161587638631 -0.1798174673782482 8.765878385054613
	30.789857753027448 -0.18381599263190032 8.766220315699984
	30.74814280876702 -0.18781460390054722 8.766554845087908
	30.706471038887102 -0.19181329941944492 8.76688197128624
	30.66484243864975 -0.19581207741617596 8.767201692350385
	30.623257003297667 -0.1998109361105668 8.76751400632186
	30.581714728053026 -0.20380987371478848 8.767818911228288
	30.54021560811822 -0.2078088884332466 8.768116405084475
	30.498759638675356 -0.21180797846262434 8.76840648589096
	30.457346814886275 -0.21580714199184506 8.768689151633835
	30.415977131892376 -0.21980637720208113 8.768964400286643
	30.37465058481464 -0.22380568226670933 8.769232229807196
	30.33336716875333 -0.22780505535134385 8.769492638140493
	30.29212687878814 -0.2318044946137758 8.769745623216567
	30.25092970997766 -0.23580399820402076 8.769991182950495
	30.209775657359856 -0.23980356426424046 8.770229315243776
	30.168664715951667 -0.2438031909287659 8.770460017983178
	30.127596880748452 -0.24780287632412173 8.770683289040027
	30.086572146724787 -0.2518026185689384 8.770899126271301
	30.045590508833648 -0.2558024157739974 8.771107527519064
	30.004651962006598 -0.25980226604220485 8.771308490609652
	29.963756501153405 -0.2638021674685896 8.77150201335504
	29.92290412116263 -0.2678021181402456 8.771688093550903
	29.88209481690033 -0.2718021161364173 8.771866728978488
	29.841328583211165 -0.27580215952838494 8.772037917402795
	29.800605414917573 -0.27980224637951273 8.772201656573273
	29.759925306819593 -0.2838023747452518 8.772357944223494
	29.719288253695503 -0.2878025426730528 8.772506778071163
	29.678694250300705 -0.291802748202457 8.772648155818148
	29.63814329136815 -0.2958029893650283 8.772782075149614
	29.597635371608362 -0.2998032641843339 8.77290853373454
	29.5571704857092 -0.30380357067594727 8.773027529226216
	29.51674862833497 -0.3078039068475084 8.773139059259949
	29.476369794127823 -0.31180427069857275 8.773243121455769
	29.436033977706376 -0.31580466022071996 8.773339713415918
	29.395741173665836 -0.31980507339752384 8.773428832725916
	29.355491376578634 -0.3238055082044666 8.773510476954328
	29.31528458099298 -0.3278059626090634 8.773584643652217
	29.27512078143403 -0.33180643457072395 8.77365133035375
	29.234999972403013 -0.33580692204082 8.773710534575098
	29.194922148377128 -0.33980742296267213 8.773762253814901
	29.15488730380996 -0.3438079352714892 8.773806485554005
	29.11489543313055 -0.3478084568944414 8.773843227255577
	29.074946530744047 -0.3518089857505738 8.77387247636455
	29.03504059103108 -0.3558095197508467 8.773894230307175
	28.995177608347674 -0.35981005679812644 8.77390848649225
	28.9553575770253 -0.363810594787158 8.7739152423092
	28.915580491370743 -0.3678111316045569 8.773914495129596
	28.87584634566601 -0.3718116651288036 8.773906242305454
	28.8361551341674 -0.37581219323030907 8.773890481170525
	28.796506851106912 -0.37981271377125697 8.773867209038782
	28.756901490690822 -0.3838132246057286 8.773836423205578
	28.7173390470997 -0.3878137235796772 8.773798120946278
	28.677819514489148 -0.39181420853083526 8.773752299517009
	28.63834288698861 -0.3958146772888157 8.77369895615436
	28.598909158701943 -0.39981512767503324 8.773638088074643
	28.559518323706534 -0.403815557502774 8.773569692474293
	28.520170376054267 -0.40781596457707775 8.77349376652963
	28.480865309770476 -0.41181634669482614 8.773410307396459
	28.441603118853838 -0.41581670164473045 8.773319312210553
	28.402383797276986 -0.4198170272072551 8.773220778085946
	28.363207338985138 -0.4238173211547313 8.773114702116782
	28.32407373789755 -0.4278175812511962 8.773001081375844
	28.284982987905856 -0.4318178052525395 8.772879912914952
	28.245935082874464 -0.43581799090644335 8.772751193763835
	28.20693001664114 -0.4398181359523047 8.77261492093184
	28.167967783015374 -0.4438182381213854 8.772471091405412
	28.129048375779995 -0.44781829513662597 8.772319702149755
	28.09017178868925 -0.45181830471282136 8.772160750108311
	28.05133801546994 -0.4558182645564916 8.771994232201308
	28.012547049820927 -0.45981817236590916 8.771820145327434
	27.973798885412325 -0.4638180258311659 8.771638486362326
	27.93509351588665 -0.46781782263403454 8.771449252158996
	27.89643093485726 -0.471817560448115 8.771252439547487
	27.85781113590935 -0.47581723693870803 8.77104804533433
	27.819234112598874 -0.47981684976291356 8.770836066303353
	27.78069985845307 -0.48381639656955516 8.770616499214325
	27.742208366970086 -0.4878158749992028 8.770389340803215
	27.70375963161855 -0.49181528268419916 8.770154587782567
	27.665353645837776 -0.49581461724862075 8.769912236840318
	27.626990403037393 -0.4998138763082984 8.769662284640146
	27.588669896597484 -0.5038130574707861 8.769404727821483
	27.550392119867652 -0.5078121583354411 8.769139562998781
	27.51215706616806 -0.511811176493298 8.768866786761633
	27.47396472878798 -0.5158101095272037 8.768586395674356
	27.43581510098683 -0.5198089550116906 8.76829838627615
	27.397708175992644 -0.5238077105131217 8.76800275508028
	27.35964394700353 -0.5278063735895202 8.76769949857478
	27.32162240718607 -0.5318049417907229 8.767388613221547
	27.283643549675666 -0.5358034126583237 8.76707009545589
	27.245707367576987 -0.5398017837256134 8.766743941686773
	27.20781385396255 -0.5438000525177124 8.766410148297217
	27.169963001873807 -0.5477982165514379 8.766068711642362
	27.132154804319786 -0.5517962733354362 8.765719628051098
	27.094389254277985 -0.5557942203700679 8.765362893824717
	27.056666344693554 -0.5597920551474812 8.764998505236695
	27.018986068479215 -0.5637897751516042 8.764626458533131
	26.981348418515218 -0.5677873778581344 8.764246749932042
	26.943753387649036 -0.571784860734557 8.763859375623
	26.90620096869519 -0.5757822212401462 8.763464331767366
	26.868691154435414 -0.5797794568259368 8.763061614497856
	26.83122393761745 -0.5837765649348321 8.762651219917668
	26.793799310956487 -0.5877735430014418 8.762233144101483
	26.756417267133173 -0.5917703884522766 8.761807383094084
	26.71907779879488 -0.5957670987055995 8.761373932911017
	26.68178089855491 -0.599763671171497 8.760932789537483
	26.64452655899184 -0.6037601032519356 8.76048394892844
	26.60731477265041 -0.6077563923406512 8.760027407008806
	26.570145532040364 -0.6117525358232633 8.7595631596725
	26.533018829636756 -0.6157485310772263 8.759091202782605
	26.495934657879587 -0.619744375471856 8.758611532170905
	26.458893009173796 -0.6237400663683177 8.758124143637698
	26.421893875888525 -0.6277356011196923 8.757629032951483
	26.38493725035751 -0.6317309770709232 8.75712619584878
	26.348023124879024 -0.6357261915588074 8.756615628033751
	26.31115149171457 -0.6397212419121272 8.756097325178148
	26.27432234309012 -0.6437161254515017 8.755571282920652
	26.237535671194475 -0.6477108394895551 8.755037496866969
	26.2007914681809 -0.651705381330726 8.754495962589285
	26.164089726164487 -0.6556997482715429 8.753946675626189
	26.127430437224046 -0.6596939376004087 8.753389631481985
	26.09081359340108 -0.6636879465976983 8.752824825627103
	26.05423918669939 -0.6676817725357934 8.75225225349695
	26.017707209084993 -0.6716754126790815 8.751671910492263
	25.98121765248631 -0.6756688642839213 8.751083791979026
	25.94477050879324 -0.6796621245987383 8.75048789328682
	25.90836576985754 -0.6836551908639698 8.749884209710165
	25.872003427492526 -0.6876480603120894 8.749272736507166
	25.835683473472127 -0.6916407301677023 8.74865346889967
	25.799405899531905 -0.6956331976474226 8.748026402072709
	25.7631706973678 -0.6996254599600025 8.747391531174115
	25.72697785863617 -0.7036175143063198 8.746748851314708
	25.690827374954036 -0.7076093578793416 8.746098357567039
	25.654719237897993 -0.7116009878642369 8.745440044966427
	25.618653439004987 -0.715592401438282 8.744773908509263
	25.582629969770966 -0.7195835957710025 8.744099943153287
	25.546648821651807 -0.7235745680240635 8.743418143817472
	25.510709986061965 -0.7275653153514104 8.742728505381125
	25.474813454375145 -0.7315558348991892 8.742031022684046
	25.43895921792372 -0.7355461238058026 8.74132569052579
	25.403147267997976 -0.7395361792019904 8.740612503665812
	25.36737759584695 -0.7435259982107263 8.739891456822507
	25.33165019267706 -0.7475155779473662 8.739162544673134
	25.295965049652875 -0.7515049155195581 8.738425761853794
	25.260322157895914 -0.755494008027369 8.737681102958232
	25.22472150848524 -0.7594828525632134 8.73692856253843
	25.189163092456454 -0.7634714462119616 8.736168135103517
	25.15364690080229 -0.7674597860508688 8.735399815119651
	25.118172924471185 -0.7714478691497308 8.734623597009822
	25.082741154368424 -0.7754356925707517 8.733839475153069
	25.047351581355 -0.7794232533686677 8.733047443884345
	25.012004196247023 -0.7834105485908107 8.73224749749418
	24.976698989816708 -0.7873975752769954 8.731439630228229
	24.941435952790766 -0.7913843304596947 8.730623836286634
	24.906215075851 -0.7953708111639729 8.729800109823877
	24.871036349633982 -0.7993570144075199 8.728968444948414
	24.835899764729998 -0.803342937200767 8.728128835722067
	24.800805311684115 -0.807328576546766 8.727281276159811
	24.765752980994247 -0.8113139294414068 8.726425760229125
	24.73074276311272 -0.8152989928732391 8.725562281849703
	24.69577464844432 -0.8192837638236944 8.724690834893119
	24.660848627347242 -0.8232682392669766 8.72381141318212
	24.625964690131916 -0.8272524161701973 8.722924010490422
	24.591122827061515 -0.8312362914933181 8.722028620542241
	24.556323028350924 -0.8352198621892677 8.721125237011833
	24.521565284166975 -0.8392031252039187 8.720213853522827
	24.486849584628256 -0.8431860774761101 8.719294463648097
	24.45217591980373 -0.8471687159378072 8.718367060909046
	24.417544279714395 -0.851151037513913 8.717431638775475
	24.38295465433092 -0.8551330391225446 8.716488190664736
	24.34840703357493 -0.8591147176748862 8.71553670994125
	24.31390140731749 -0.8630960700753686 8.714577189916577
	24.27943776538005 -0.8670770932215638 8.713609623848178
	24.245016097532773 -0.8710577840043814 8.71263400493941
	24.210636393495378 -0.8750381393079769 8.711650326338988
	24.17629864293639 -0.8790181560098442 8.710658581140335
	24.142002835472585 -0.8829978309808829 8.709658762381142
	24.10774896066906 -0.8869771610853987 8.708650863042877
	24.07353700803857 -0.890956143181184 8.70763487605028
	24.039366967041985 -0.894934774119475 8.706610794270741
	24.005238827086583 -0.8989130507451532 8.705578610513902
	23.971152577527448 -0.9028909698965936 8.70453831753111
	23.937108207665215 -0.9068685284059346 8.703489908014781
	23.90310570674783 -0.9108457230988791 8.702433374597971
	23.86914506396848 -0.9148225507949493 8.701368709853678
	23.835226268466183 -0.9187990083074226 8.700295906294452
	23.801349309325076 -0.922775092443428 8.699214956371845
	23.76751417557443 -0.9267508000039524 8.69812585247549
	23.733720856188246 -0.9307261277839004 8.697028586933271
	23.699969340084323 -0.9347010725722138 8.695923152009781
	23.66625961612446 -0.9386756311518606 8.694809539906474
	23.632591673114828 -0.9426498002998017 8.693687742760888
	23.598965499803516 -0.9466235767872953 8.69255775264592
	23.56538108488254 -0.9505969573796696 8.691419561569234
	23.531838416985757 -0.9545699388365858 8.690273161472826
	23.498337484689856 -0.958542517911934 8.689118544232198
	23.464878276512778 -0.9625146913540338 8.687955701656014
	23.431460780914094 -0.9664864559056071 8.68678462548501
	23.39808498629458 -0.9704578083038412 8.685605307391963
	23.36475088099562 -0.9744287452804781 8.684417738980429
	23.331458453298957 -0.9783992635618599 8.683221911784587
	23.298207691426374 -0.9823693598689841 8.682017817268344
	23.26499858353932 -0.9863390309175663 8.680805446824662
	23.231831117738178 -0.9903082734181458 8.679584791775037
	23.198705282062836 -0.9942770840760358 8.678355843368722
	23.165621064491027 -0.9982454595915414 8.677118592781794
	23.13257845293875 -1.0022133966599305 8.675873031117076
	23.09957743525994 -1.0061808919714919 8.674619149402924
	23.066617999245718 -1.010147942211648 8.673356938592528
	23.03370013262413 -1.014114544061007 8.672086389563498
	23.000823823059747 -1.0180806941954352 8.670807493117128
	22.96798905815339 -1.0220463892861085 8.669520239977258
	22.93519582544135 -1.0260116259996352 8.66822462078982
	22.90244411239564 -1.0299764009980492 8.666920626122309
	22.869733906423004 -1.0339407109389487 8.665608246462488
	22.837065194864675 -1.0379045524755586 8.66428747221833
	22.804437964996136 -1.0418679222567788 8.66295829371631
	22.771852204026445 -1.0458308169272987 8.661620701201658
	22.739307899097902 -1.04979323312766 8.660274684836766
	22.706805037285992 -1.0537551674942938 8.65892023470092
	22.674343605598075 -1.0577166166597096 8.657557340789161
	22.641923590974077 -1.061677577252437 8.656185993011581
	22.60954498028543 -1.0656380458971877 8.654806181192587
	22.57720776033428 -1.069598019214983 8.653417895069985
	22.544911917853675 -1.0735574938231596 8.652021124293936
	22.512657439507212 -1.0775164663354475 8.650615858426715
	22.48044431188843 -1.0814749333620746 8.649202086941171
	22.448272521519186 -1.0854328915100018 8.64777979922018
	22.416142054851797 -1.0893903373826923 8.646348984555914
	22.384052898265967 -1.0933472675805245 8.644909632148488
	22.35200503806962 -1.097303678700725 8.643461731105484
	22.319998460498685 -1.1012595673374321 8.642005270441027
	22.288033151715553 -1.105214930081923 8.640540239074591
	22.25610909780992 -1.1091697635225455 8.639066625830269
	22.224226284797076 -1.1131240642449711 8.63758441943573
	22.192384698618433 -1.1170778288321683 8.636093608521598
	22.160584325140242 -1.121031053864599 8.634594181619835
	22.12882515015386 -1.1249837359202288 8.63308612716351
	22.097107159374563 -1.1289358715747178 8.631569433485188
	22.065430338441793 -1.1328874574014276 8.630044088816609
	22.03379467291774 -1.1368384899716435 8.628510081286839
	22.00220014828793 -1.1407889658545474 8.62696739892215
	21.970646749959695 -1.1447388816174509 8.625416029644231
	21.939134463262608 -1.1486882338257867 8.623855961269753
	21.907663273447 -1.1526370190433435 8.622287181508897
	21.87623316568456 -1.1565852338322338 8.620709677964559
	21.844844125066633 -1.1605328747531616 8.619123438131018
	21.81349613660491 -1.1644799383653786 8.61752844939316
	21.782189185229615 -1.1684264212269664 8.615924699025248
	21.750923255790465 -1.1723723198947669 8.614312174189575
	21.719698333054588 -1.1763176309246917 8.612690861935956
	21.688514401707103 -1.1802623508717085 8.611060749199794
	21.657371446350524 -1.184206476289965 8.609421822801572
	21.626269451503145 -1.188150003733049 8.607774069445425
	21.595208401600097 -1.192092929753911 8.606117475718076
	21.564188280991505 -1.196035250905154 8.604452028087415
	21.533209073942547 -1.1999769637390831 8.602777712901608
	21.502270764632485 -1.203918064807887 8.601094516387745
	21.47137333715481 -1.2078585506636796 8.599402424650567
	21.4405167755162 -1.2117984178586911 8.597701423671271
	21.40970106363554 -1.215737662945458 8.595991499306296
	21.37892618534447 -1.2196762824768124 8.594272637285966
	21.348192124385534 -1.223614273006182 8.592544823213277
	21.317498864412244 -1.2275516310876502 8.590808042562626
	21.286846388989424 -1.2314883532759706 8.589062280678329
	21.25623468159001 -1.2354244361270517 8.587307522773589
	21.225663725597467 -1.2393598761977078 8.585543753928883
	21.19513350430338 -1.243294670046041 8.583770959090545
	21.164644000906975 -1.2472288142315726 8.58198912306984
	21.134195198515425 -1.2511623053152718 8.580198230541017
	21.103787080141817 -1.2550951398598922 8.578398266040374
	21.07341962870641 -1.2590273144298818 8.576589213964446
	21.043092827033778 -1.2629588255918274 8.574771058568684
	21.01280665785443 -1.2668896699143188 8.572943783966371
	20.982561103802414 -1.270819843968337 8.571107374126534
	20.952356147415724 -1.274749344327278 8.569261812872899
	20.922191771135147 -1.2786781675671823 8.567407083882129
	20.892067957303567 -1.2826063102669059 8.565543170682549
	20.86198468816594 -1.2865337690082033 8.56367005665228
	20.831941945868227 -1.2904605403759506 8.561787725018077
	20.8019397124562 -1.2943866209583843 8.559896158853272
	20.771977969876097 -1.2983120073471002 8.557995341076593
	20.742056699972103 -1.30223669613747 8.556085254450446
	20.71217588448778 -1.3061606839285416 8.554165881579083
	20.682335505063712 -1.3100839673234357 8.552237204907016
	20.65253554323751 -1.3140065429294359 8.550299206717693
	20.622775980443578 -1.3179284073581112 8.54835186913122
	20.593056798010863 -1.3218495572257023 8.546395174103159
	20.563377977164045 -1.3257699891530632 8.544429103422406
	20.533739499021706 -1.3296896997659944 8.542453638709816
	20.504141344595702 -1.3336086856954228 8.540468761416038
	20.474583494790878 -1.3375269435775408 8.538474452819875
	20.445065930403924 -1.3414444700540527 8.536470694026761
	20.415588632122578 -1.3453612617723838 8.53445746596627
	20.386151580525535 -1.3492773153857964 8.532434749390992
	20.356754756081273 -1.3531926275536446 8.530402524874054
	20.327398139146872 -1.3571071949416416 8.528360772807526
	20.298081709967917 -1.3610210142219763 8.526309473400438
	20.268805448677664 -1.3649340820735338 8.524248606676728
	20.239569335296135 -1.3688463951821257 8.522178152473513
	20.21037334972927 -1.372757950240714 8.520098090438596
	20.181217471768033 -1.3766687439496443 8.518008400029155
	20.152101681087952 -1.3805787730168215 8.515909060509017
	20.12302595724857 -1.3844880341578985 8.513800050946996
	20.093990279691774 -1.3883965240966185 8.511681350214639
	20.064994627741843 -1.3923042395649268 8.509552936984154
	20.036038980604104 -1.3962111773032753 8.50741478972616
	20.007123317364464 -1.4001173340608024 8.505266886707744
	19.97824761698838 -1.4040227065956004 8.503109205990066
	19.949411858319998 -1.4079272916749557 8.50094172542594
	19.920616020081578 -1.4118310860755536 8.498764422658237
	19.891860080872792 -1.4157340865837011 8.496577275116799
	19.863144019169013 -1.4196362899956936 8.494380260016763
	19.83446781332112 -1.4235376931179682 8.492173354355813
	19.805831441555227 -1.4274382927672784 8.489956534912059
	19.777234881970347 -1.4313380857711462 8.487729778241624
	19.748678112538613 -1.4352370689679714 8.485493060675882
	19.720161111104485 -1.4391352392072756 8.483246358319532
	19.691683855383065 -1.443032593350077 8.480989647047746
	19.66324632295969 -1.4469291282690886 8.478722902503861
	19.634848491289198 -1.4508248408489617 8.476446100096483
	19.60649033769448 -1.4547197279866333 8.47415921499743
	19.578171839366355 -1.45861378659149 8.471862222138768
	19.54989297336186 -1.4625070135857576 8.469555096210227
	19.521653716603588 -1.4663994059047383 8.467237811656608
	19.493454045879123 -1.4702909604970495 8.46491034267483
	19.465293937839704 -1.4741816743249607 8.462572663211706
	19.43717336899934 -1.4780715443646746 8.46022474696066
	19.409092315733535 -1.4819605676066663 8.457866567359165
	19.381050754279507 -1.4858487410558134 8.45549809758573
	19.35304866073362 -1.4897360617319166 8.453119310557268
	19.325086011051376 -1.49362252666987 8.450730178925978
	19.297162781046637 -1.4975081329199333 8.448330675076601
	19.269278946389804 -1.5013928775481615 8.445920771123125
	19.241434482607204 -1.5052767576366606 8.443500438906007
	19.213629365080276 -1.5091597702838744 8.441069649989124
	19.18586356904453 -1.5130419126049153 8.438628375656418
	19.158137069588076 -1.516923181731939 8.436176586909058
	19.13044984165132 -1.5208035748143776 8.433714254462162
	19.10280186002501 -1.524683089019392 8.431241348741418
	19.075193099349967 -1.5285617215321021 8.428757839880127
	19.04762353411565 -1.532439469555972 8.426263697715603
	19.02009313865953 -1.536316330313091 8.423758891785964
	18.99260188716507 -1.540192301044654 8.421243391327014
	18.965149753661912 -1.5440673790111277 8.418717165268205
	18.93773671202331 -1.5479415614928154 8.416180182229652
	18.910362735966842 -1.5518148457899514 8.413632410518614
	18.883027799051384 -1.5556872292233417 8.411073818125706
	18.855731874677698 -1.5595587091344767 8.40850437272139
	18.828474936085826 -1.5634292828861172 8.405924041652419
	18.80125695635524 -1.5672989478624781 8.403332791938094
	18.774077908402766 -1.5711677014697434 8.40073059026636
	18.746937764981766 -1.5750355411363937 8.398117402990293
	18.719836498681506 -1.5789024643135194 8.395493196124162
	18.692774081924586 -1.5827684684754044 8.392857935339423
	18.665750486967706 -1.5866335511196459 8.390211585960989
	18.638765685898626 -1.5904977097678137 8.38755411296288
	18.61181965063594 -1.5943609419657119 8.384885480964849
	18.584912352928136 -1.5982232452837484 8.38220565422774
	18.558043764351382 -1.602084617317488 8.379514596649223
	18.531213856309375 -1.6059450556879102 8.376812271760345
	18.50442260003116 -1.6098045580419664 8.374098642720577
	18.477669966570474 -1.6136631220529192 8.37137367231371
	18.450955926804504 -1.6175207454207672 8.368637322943709
	18.424280451432512 -1.6213774258726934 8.365889556630256
	18.397643510973978 -1.625233161163589 8.363130335003786
	18.371045075768905 -1.6290879490762646 8.360359619301775
	18.34448511597397 -1.6329417874222658 8.357577370363504
	18.317963601564465 -1.636794674041858 8.354783548625726
	18.29148050232956 -1.6406466068049754 8.351978114117925
	18.265035787874247 -1.6444975836112106 8.349161026457516
	18.238629427615127 -1.6483476023907002 8.346332244844971
	18.212261390781208 -1.6521966611042815 8.343491728058998
	18.185931646411312 -1.656044757744151 8.340639434451717
	18.159640163353096 -1.6598918903342932 8.337775321943369
	18.133386910262104 -1.6637380569308973 8.334899348017421
	18.107171855599432 -1.6675832556229946 8.33201146971555
	18.08099496763132 -1.6714274845328079 8.329111643632048
	18.054856214427044 -1.6752707418163577 8.326199825908736
	18.028755563857608 -1.6791130256639553 8.323275972230128
	18.00269298359482 -1.682954334300637 8.320340037816777
	17.976668441109215 -1.6867946659867843 8.317391977421172
	17.950681903669114 -1.690634019018566 8.314431745321347
	17.924733338338733 -1.694472391728537 8.311459295315414
	17.898822711976607 -1.6983097824861848 8.30847458071594
	17.872949991235146 -1.7021461896983223 8.305477554344094
	17.847115142558 -1.7059816118097961 8.302468168523818
	17.821318132178494 -1.7098160473040578 8.299446375076196
	17.795558926118996 -1.7136494947035823 8.296412125312601
	17.769837490189094 -1.7174819525704825 8.293365370029685
	17.744153789984125 -1.721313419507067 8.290306059502372
	17.718507790881816 -1.725143894156687 8.287234143478052
	17.692899458044586 -1.7289733752037413 8.284149571170202
	17.667328756413944 -1.73280186137487 8.281052291251605
	17.6417956507113 -1.736629351439187 8.277942251848494
	17.616300105435332 -1.7404558442090412 8.274819400533346
	17.59084208486156 -1.7442813385404434 8.271683684318667
	17.56542155303899 -1.7481058333339439 8.268535049649719
	17.540038473789377 -1.7519293275351175 8.265373442398634
	17.514692810706595 -1.7557518201350357 8.262198807856088
	17.489384527152165 -1.7595733101713307 8.259011090725558
	17.464113586257206 -1.7633937967282851 8.255810235115453
	17.43887995091804 -1.7672132789378916 8.252596184532083
	17.413683583794707 -1.7710317559804756 8.24936888187241
	17.388524447310722 -1.774849227085134 8.2461282694167
	17.363402503650512 -1.7786656915305348 8.242874288820781
	17.33831771475755 -1.7824811486456082 8.23960688110853
	17.31327004233161 -1.7862955978103876 8.236325986664475
	17.288259447829997 -1.7901090384562373 8.233031545225328
	17.263285892462214 -1.7939214700670998 8.22972349587265
	17.238349337190957 -1.7977328921797748 8.226401777024826
	17.213449742728184 -1.8015433043849538 8.223066326428388
	17.188587069534805 -1.805352706327716 8.219717081150336
	17.163761277818153 -1.80916109770836 8.216353977569522
	17.138972327530578 -1.8129684782830762 8.212976951368463
	17.11422017836686 -1.8167748478647987 8.209585937524254
	17.089504789762202 -1.8205802063239847 8.206180870300676
	17.064826120892757 -1.8243845535889975 8.202761683238382
	17.040184130669317 -1.828187889647558 8.199328309147022
	17.01557877774022 -1.8319902145467772 8.195880680095277
	16.991010020485348 -1.8357915283945703 8.1924187274027
	16.96647781701694 -1.8395918313600235 8.188942381629396
	16.94198212517666 -1.8433911236743474 8.185451572567331
	16.91752290253256 -1.8471894056318556 8.181946229230663
	16.89310010637928 -1.8509866775904387 8.178426279845748
	16.86871369373396 -1.8547829399727203 8.17489165184202
	16.844363621336118 -1.8585781932666003 8.171342271841313
	16.820049845642995 -1.86237243802651 8.16777806564841
	16.795772322830718 -1.8661656748737623 8.16419895824057
	16.77153100878982 -1.8699579044977974 8.160604873757235
	16.747325859124192 -1.8737491276568972 8.156995735489597
	16.723156829148813 -1.877539345179091 8.15337146587053
	16.699023873886528 -1.8813285579632282 8.149731986462253
	16.674926948068762 -1.885116766979433 8.146077217947713
	16.65086600613033 -1.8889039732704942 8.14240708011763
	16.626841002208856 -1.8926901779525422 8.1387214918606
	16.602851890141654 -1.89647538221613 8.135020371150793
	16.578898623465484 -1.900259587326868 8.131303635037252
	16.55498115541149 -1.904042794626827 8.127571199631923
	16.531099438905713 -1.907825005535068 8.12382298009777
	16.50725342656472 -1.9116062215489578 8.120058890637013
	16.483443070694538 -1.9153864442449593 8.116278844479176
	16.459668323288437 -1.9191656752796187 8.112482753868205
	16.435929136023592 -1.9229439163907411 8.10867053005109
	16.41222546026018 -1.926721169398181 8.10484208326398
	16.388557247037944 -1.930497436205044 8.100997322720469
	16.364924447074145 -1.9342727187986868 8.097136156598209
	16.34132701076203 -1.9380470192516284 8.093258492025871
	16.317764888166803 -1.9418203397228808 8.08936423506975
	16.294238029024743 -1.9455926824587793 8.085453290720436
	16.27074638274092 -1.9493640497940443 8.081525562879495
	16.247289898384377 -1.9531344441532674 8.077580954344707
	16.223868524688953 -1.9569038680514905 8.073619366797171
	16.200482210049127 -1.960672324095603 8.069640700786303
	16.17713090251702 -1.9644398149855522 8.065644855715853
	16.15381454980117 -1.968206343515293 8.061631729829207
	16.130533099263282 -1.9719719125740558 8.057601220194696
	16.107286497916476 -1.975736525147395 8.053553222690295
	16.084074692421126 -1.9795001843186353 8.049487631989136
	16.06089762908429 -1.98326289326974 8.045404341543412
	16.03775525385615 -1.9870246552826798 8.041303243569278
	16.014647512326846 -1.990785473740748 8.037184229030842
	15.991574349725552 -1.99454535212952 8.033047187624154
	15.968535710915464 -1.9983042940384907 8.028892007761327
	15.945531540394079 -2.002062303161854 8.024718576553848
	15.92256178228825 -2.005819383300154 8.020526779795777
	15.899626380351789 -2.009575538361533 8.016316501947177
	15.87672527796439 -2.0133307723627567 8.012087626117204
	15.853858418126723 -2.0170850894308994 8.007840034046119
	15.831025743459493 -2.0208384938043826 8.003573606088825
	15.80822719619976 -2.024590989834468 7.9992882211957586
	15.785462718198705 -2.0283425819865304 7.994983756896085
	15.762732250917853 -2.032093274841606 7.990660089278741
	15.740035735427798 -2.03584307309752 7.986317092974515
	15.717373112404578 -2.0395919815704318 7.981954641136775
	15.694744322126072 -2.0433400051963786 7.977572605422627
	15.672149304471088 -2.047087149032396 7.973170855974107
	15.649587998914656 -2.050833418258269 7.968749261398621
	15.627060344526267 -2.0545788181778173 7.964307688748324
	15.604566279966262 -2.058323354220494 7.9598460035017435
	15.582105743483936 -2.062067031942716 7.955364069542029
	15.559678672913314 -2.0658098570295955 7.95086174913744
	15.53728500567114 -2.0695518352963154 7.946338902920201
	15.514924678754076 -2.0732929726896483 7.941795389865331
	15.492597628734694 -2.077033275289698 7.937231067270082
	15.470303791758866 -2.0807727493114174 7.932645790731019
	15.448043103544938 -2.0845114011058326 7.9280394141237664
	15.425815499375824 -2.0882492371624948 7.9234117895794665
	15.403620914101191 -2.0919862641102207 7.918762767463203
	15.381459282131598 -2.0957224887192267 7.914092196351176
	15.359330537435884 -2.099457917902717 7.909399923007378
	15.337234613538076 -2.103192558718575 7.904685792360611
	15.315171443514398 -2.1069264183710485 7.899949647480977
	15.293140959990266 -2.110659504212461 7.895191329555563
	15.27114309513808 -2.1143918237447914 7.89041067786465
	15.249177780670927 -2.118123384621982 7.88560752975726
	15.227244947843555 -2.121854194651008 7.88078172062592
	15.205344527446364 -2.125584261794171 7.875933083882118
	15.18347644980322 -2.129313594170743 7.8710614509303
	15.161640644768566 -2.1330422000587554 7.866166651142901
	15.139837041722682 -2.1367700878971267 7.8612485118336135
	15.118065569570973 -2.1404972662871047 7.8563068582308615
	15.096326156738217 -2.1442237439946075 7.851341513452291
	15.074618731167245 -2.1479495299518074 7.846352298476205
	15.052943220313372 -2.1516746332594785 7.841339032115421
	15.031299551145421 -2.155399063188213 7.836301530988722
	15.009687650136486 -2.1591228291814404 7.831239609493423
	14.988107443265774 -2.162845940856544 7.826153079777158
	14.966558856012615 -2.1665684080073557 7.821041751707654
	14.945041813353741 -2.1702902406061058 7.815905432846391
	14.923556239759995 -2.174011448805487 7.81074392841635
	14.902102059193584 -2.177732042940652 7.805557041274264
	14.88067919510362 -2.1814520335315266 7.800344571879641
	14.859287570423012 -2.185171431284907 7.795106318264567
	14.83792710756656 -2.1888902470963716 7.789842076002756
	14.816597728424846 -2.192608492052955 7.784551638178929
	14.795299354363186 -2.196326177434947 7.779234795355836
	14.774031906217981 -2.2000433147181764 7.7738913355446995
	14.752795304291604 -2.203759915576582 7.768521044170445
	14.731589468350794 -2.2074759918841793 7.763123704041433
	14.710414317622124 -2.2111915557175705 7.757699095314581
	14.689269770790029 -2.214906619358033 7.752246995463133
	14.668155745990914 -2.2186211952943156 7.746767179242566
	14.647072160812955 -2.2223352962244585 7.7412594186563775
	14.626018932288902 -2.2260489350588823 7.735723482922267
	14.604995976896122 -2.229762124922205 7.730159138436423
	14.584003210550327 -2.2334748791562276 7.724566148739131
	14.563040548605256 -2.237187211321863 7.718944274478397
	14.54210790584561 -2.240899135202318 7.713293273374619
	14.521205196486099 -2.2446106648051942 7.707612900184138
	14.50033233416758 -2.248321814365147 7.7019029066623785
	14.479489231952316 -2.252032598346727 7.696163041526542
	14.45867580232311 -2.2557430314465576 7.690393050419096
	14.437891957176339 -2.2594531285966277 7.684592675868635
	14.417137607821743 -2.26316290496642 7.6787616572520925
	14.396412664977264 -2.2668723759659395 7.672899730757691
	14.375717038765632 -2.2705815572484687 7.667006629342868
	14.35505063871136 -2.274290464713284 7.6610820826979555
	14.33441337373885 -2.2779991145081846 7.6551258172048255
	14.313805152163772 -2.2817075230333046 7.649137555897299
	14.293225881696939 -2.2854157069426515 7.643117018420493
	14.272675469434697 -2.2891236831481625 7.63706392099015
	14.25215382185996 -2.292831468821837 7.630977976351361
	14.231660844834908 -2.29653908139943 7.624858893738177
	14.211196443600995 -2.300246538582849 7.618706378828478
	14.190760522773813 -2.3039538583435193 7.612520133706014
	14.170352986339843 -2.307661058925449 7.606299856814645
	14.149973737653482 -2.311368158848272 7.600045242916947
	14.1296226794344 -2.3150751769102733 7.593755983050122
	14.109299713761954 -2.3187821321919886 7.587431764482747
	14.089004742075721 -2.3224890440587243 7.5810722706709655
	14.068737665167772 -2.3261959321646297 7.574677181214269
	14.048498383182963 -2.3299028164553346 7.568246171810073
	14.028286795614118 -2.3336097171715697 7.561778914210187
	14.008102801299398 -2.337316654852427 7.555275076174058
	13.987946298418546 -2.341023650338866 7.548734321425065
	13.967817184490123 -2.3447307247770808 7.542156309603348
	13.947715356369727 -2.348437899621725 7.535540696219848
	13.927640710243683 -2.352145196640032 7.528887132610821
	13.907593141629842 -2.3558526379146447 7.522195265890716
	13.887572545371611 -2.359560245847759 7.5154647389054485
	13.867578815636724 -2.363268043164429 7.50869519018478
	13.84761184591372 -2.3669760529163444 7.501886253896268
	13.82767152900943 -2.37068429848547 7.495037559796983
	13.807757757044929 -2.3743928035880204 7.4881487331849135
	13.787870421455239 -2.3781015922777806 7.481219394853569
	13.768009412983941 -2.3818106889504316 7.474249161041402
	13.748174621682299 -2.38552011834708 7.467237643384932
	13.728365936905822 -2.389229905558326 7.460184448870637
	13.708583247311525 -2.392940076028241 7.453089179785341
	13.688826440856639 -2.396650655558138 7.445951433668145
	13.669095404795215 -2.4003616703107884 7.438770803263531
	13.649390025675222 -2.4040731468146013 7.431546876469386
	13.629710189337208 -2.4077851119675664 7.424279236291403
	13.6100557809125 -2.411497593041333 7.416967460792341
	13.590426684818931 -2.4152106176858332 7.409611123043984
	13.5708227847622 -2.4189242139328706 7.402209791079197
	13.55124396372933 -2.4226384102012983 7.394763027841547
	13.531690103990908 -2.426353235300569 7.387270391138403
	13.512161087096672 -2.43006871843562 7.379731433591999
	13.492656793875588 -2.433784889210963 7.372145702591014
	13.473177104432441 -2.4375017776355112 7.364512740241579
	13.453721898146672 -2.4412194141270427 7.356832083321368
	13.434291053672045 -2.4449378295165536 7.349103263230765
	13.414884448935023 -2.4486570550529483 7.3413258059444315
	13.395501961130782 -2.4523771224082522 7.333499231967055
	13.376143466726955 -2.456098063681384 7.325623056282875
	13.356808841457815 -2.459819911403873 7.317696788312749
	13.337497960326388 -2.463542698544092 7.309719931866743
	13.31821069760263 -2.467266458512345 7.301691985097519
	13.298946926822175 -2.4709912251659087 7.293612440457475
	13.279706520787888 -2.474717032813601 7.285480784653634
	13.260489351565894 -2.4784439162215266 7.277296498602856
	13.241295290489505 -2.482171910617326 7.269059057389742
	13.22212420815535 -2.4859010516960636 7.260767930225004
	13.202975974425772 -2.489631375624946 7.252422580400276
	13.18385045842835 -2.493362919048696 7.244022465252334
	13.16474752855579 -2.4970957190949474 7.235567036118236
	13.145667052466957 -2.5008298133794877 7.22705573830048
	13.126608897087875 -2.5045652400115994 7.218488011024865
	13.107572928611253 -2.508302037599791 7.209863287406424
	13.088559012498733 -2.512040245257067 7.201180994413279
	13.069567013482159 -2.51577990260649 7.192440552829437
	13.05059679556379 -2.519521049787054 7.18364137722464
	13.03164822201943 -2.5232637274590575 7.1747828759194325
	13.01272115539864 -2.5270079768101716 7.165864450956554
	12.993815457528903 -2.530753839560803 7.156885498068864
	12.974930989515949 -2.534501357970338 7.147845406656002
	12.95606761174606 -2.5382505748430946 7.138743559753908
	12.937225183891668 -2.542001533533694 7.129579334012001
	12.918403564910399 -2.5457542779538893 7.120352099672551
	12.89960261305149 -2.5495088525779908 7.111061220546643
	12.880822185857015 -2.553265302449468 7.101706053998018
	12.862062140166982 -2.55702367318686 7.092285950925716
	12.843322332124096 -2.560784010989886 7.082800255749323
	12.82460261717365 -2.564546362646656 7.0732483063978915
	12.80590285007543 -2.5683107755385386 7.063629434298588
	12.787222884901077 -2.5720772976481436 7.053942964371262
	12.76856257504445 -2.5758459775647427 7.044188215022968
	12.749921773224843 -2.5796168644912907 7.034364498145991
	12.731300331493353 -2.5833900082509222 7.024471119118977
	12.712698101238791 -2.5871654592936753 7.014507376811052
	12.694114933195463 -2.5909432687029477 7.004472563589149
	12.67555067744638 -2.5947234882030528 6.994365965327923
	12.657005183436226 -2.598506170164859 6.984186861421412
	12.63847829997276 -2.6022913676139994 6.973934524804677
	12.619969875240619 -2.606079134236615 6.963608221969413
	12.601479756804792 -2.609869524387408 6.95320721299278
	12.583007791622345 -2.6136625930961124 6.942730751560862
	12.56455382605063 -2.6174583960748445 6.93217808500618
	12.546117705856677 -2.621256989725364 6.921548454339913
	12.527699276228647 -2.6250584311460363 6.910841094296588
	12.509298381784475 -2.6288627781395624 6.900055233375344
	12.490914866584662 -2.6326700892199724 6.889190093893157
	12.47254857414188 -2.636480423620464 6.878244892037501
	12.45419934743459 -2.6402938413005517 6.867218837929509
	12.435867028919075 -2.6441104029537064 6.856111135683092
	12.41755146054231 -2.6479301700150044 6.844920983481079
	12.399252483754767 -2.6517532046689425 6.833647573648111
	12.380969939526903 -2.6555795698566476 6.822290092732609
	12.362703668360888 -2.6594093292842897 6.810847721593388
	12.34445351030663 -2.663242547430737 6.799319635493492
	12.326219304981352 -2.6670792895546325 6.78770500419996
	12.3080008915789 -2.6709196217038857 6.776002992092278
	12.289798108893669 -2.6747636107221706 6.764212758267461
	12.271610795334679 -2.678611324257764 6.752333456667259
	12.253438788945104 -2.6824628307713914 6.740364236201136
	12.23528192742078 -2.6863181995444876 6.72830424088116
	12.217140048130513 -2.6901775006872737 6.716152609960234
	12.19901298813622 -2.6940408051470675 6.703908478082774
	12.180900584216644 -2.6979081847160145 6.691570975441269
	12.1628026728825 -2.7017797120409344 6.679139227940393
	12.144719090408287 -2.7056554606296763 6.66661235736912
	12.12664967284933 -2.7095355048609875 6.653989481579754
	12.108594256069123 -2.713419919992291 6.641269714683513
	12.090552675763085 -2.717308782168507 6.628452167240748
	12.072524767485358 -2.7212021684304197 6.615535946476667
	12.054510366675933 -2.72510015672319 6.602520156491641
	12.036509308688693 -2.7290028259049133 6.589403898489202
	12.018521428818431 -2.732910255755638 6.576186271017517
	12.000546562333358 -2.7368225269853914 6.562866370202859
	11.982584544502549 -2.740739721243595 6.549443290019094
	11.9646352106314 -2.7446619211269194 6.5359161225451095
	11.946698396091293 -2.7485892101886944 6.522283958242877
	11.92877393635366 -2.7525216729475916 6.5085458862468135
	11.910861667026348 -2.756459394896032 6.494700994659994
	11.892961423888524 -2.760402462509195 6.4807483708646805
	11.87507304292778 -2.7643509632537904 6.466687101842459
	11.857196360377221 -2.768304985597108 6.452516274502941
	11.839331212757124 -2.7722646190152846 6.4382349760347966
	11.821477436913966 -2.7762299540024618 6.423842294250573
	11.803634870060375 -2.7802010820800125 6.409337317963442
	11.785803349822897 -2.784178095804241 6.394719137359008
	11.76798271428133 -2.7881610887763273 6.379986844394781
	11.750172802016843 -2.792150155650528 6.365139533193445
	11.732373452159313 -2.7961453921428476 6.350176300469119
	11.71458450443328 -2.8001468950403368 6.335096245948548
	11.696805799208656 -2.804154762209585 6.319898472820014
	11.679037177555017 -2.808169092604672 6.304582088182409
	11.661278481287912 -2.8121899862773065 6.2891462035093
	11.643529553028847 -2.8162175443840614 6.2735899351426765
	11.625790236257094 -2.8202518691958542 6.257912404769674
	11.6080603753681 -2.8242930641061816 6.2421127399400715
	11.59033981573364 -2.828341233639269 6.2261900745808605
	11.572628403758907 -2.832396483459265 6.210143549532153
	11.554925986947605 -2.8364589203778734 6.1905164539536095
	11.537232413964709 -2.8405286523628543 6.155361968881429
	11.519547534701768 -2.844605788546268 6.119966016677366
	11.501871200342393 -2.848690439233003 6.084330569161046
	11.484203263435093 -2.8527827159078822 6.048457609165465
	11.466543577961858 -2.8568827312441285 6.012349130264743
	11.448891999409161 -2.860990599111598 5.976007136493063
	11.431248384847613 -2.8651064345832586 5.939433642065972
	11.413612593001995 -2.869230353944364 5.902630671091454
	11.395984484335852 -2.8733624746984194 5.865600257284375
	11.37836392112956 -2.877502915575103 5.828344443671581
	11.360750767560852 -2.8816517965379345 5.79086528229847
	11.343144889793477 -2.8858092387903134 5.753164833929858
	11.325546156062618 -2.8899753647826922 5.715245167748328
	11.307954436762449 -2.8941502982196026 5.677108361050745
	11.290369604539142 -2.8983341640656755 5.638756498941137
	11.272791534385751 -2.902527088551553 5.600191674020664
	11.255220103732274 -2.9067291991813806 5.561415986078004
	11.237655192552237 -2.910940624736511 5.522431541772389
	11.220096683455223 -2.9151614952830975 5.483240454321146
	11.202544461796805 -2.919391942175672 5.443844843178606
	11.184998415777278 -2.923632098063905 5.404246833718981
	11.167458436554487 -2.927882096896163 5.364448556915254
	11.149924418353775 -2.9321420739241395 5.324452149014811
	11.132396258577067 -2.936412165708071 5.284259751219322
	11.114873857923802 -2.940692510119275 5.243873509358323
	11.097357120504682 -2.9449832463448744 5.203295573564401
	11.07984595396608 -2.949284514890132 5.162528097949633
	11.06234026960921 -2.953596457582473 5.121573240277725
	11.044839982523406 -2.9579192175722 5.08043316164062
	11.027345011708384 -2.9622529393363863 5.039110026131784
	11.009855280208697 -2.9665977686799385 4.997606000521789
	10.992370715251514 -2.970953852736104 4.9559232539353415
	10.974891248379166 -2.975321339968657 4.914063957525543
	10.957416815593628 -2.9797003801712605 4.872030284155485
	10.939947357498966 -2.9840911244676693 4.829824408075902
	10.92248281944737 -2.988493725311256 4.787448504606258
	10.905023151690227 -2.9929083364834885 4.744904749820079
	10.8875683095285 -2.9973351130928725 4.70219532022887
	10.870118253470892 -3.00177421157205 4.659322392472097
	10.852672949391515 -3.0062257896752924 4.616288143007431
	10.835232368691615 -3.0106900064751256 4.573094747806475
	10.817796488464946 -3.0151670223582006 4.529744382050358
	10.800365291666264 -3.019656999020507 4.486239219833788
	10.782938767283232 -3.0241600994618603 4.4425814338702265
	10.765516910510621 -3.028676487979922 4.398773195199908
	10.748099722925454 -3.033206330164124 4.354816672907444
	10.730687212674582 -3.0377497928863075 4.310714033838311
	10.713279394652023 -3.0423070442942937 4.266467442325493
	10.695876290692532 -3.0468782538010473 4.222079059918456
	10.678477929755916 -3.05146359207649 4.177551045119976
	10.661084348128115 -3.056063231034677 4.132885553126054
	10.64369558961274 -3.060677343823658 4.088084735576132
	10.62631170573677 -3.065306104811346 4.043150740306626
	10.608932755948844 -3.069949689573432 3.998085711112204
	10.591558807830648 -3.07460827487754 3.9528917875160534
	10.57418993730421 -3.0792820386684117 3.9075711045442563
	10.556826228849783 -3.083971160049958 3.8621257925099655
	10.539467775714712 -3.0886758192696906 3.816557976806088
	10.52211468014084 -3.093396197697642 3.7708697777037643
	10.504767053583532 -3.0981324778074275 3.725063310161505
	10.487425016938165 -3.10288484315485 3.6791406836416365
	10.470088700768219 -3.1076534783557146 3.633104001936411
	10.45275824553762 -3.1124385690620033 3.586955363002981
	10.435433801845852 -3.1172403019368162 3.540696858806985
	10.418115530668507 -3.1220588646272005 3.494330575176848
	10.400803603588367 -3.1268944457392545 3.4478585916673117
	10.383498203048275 -3.131747234806203 3.401282981432423
	10.366199522592511 -3.1366174222591865 3.3546058111082253
	10.34890776711667 -3.141505199394825 3.307829140709398
	10.331623153115073 -3.146410758342739 3.2609550235289753
	10.314345908936414 -3.151334292029762 3.213985506056121
	10.29707627503921 -3.156275994143269 3.166922627900578
	10.279814504248938 -3.1612360590930235 3.1197684217278745
	10.262560862016839 -3.1662146819714425 3.072524913207708
	10.245315626679036 -3.171212058512656 3.025194120969513
	10.22807908972632 -3.176228385047026 2.9777780565747616
	10.210851556059348 -3.181263858458893 2.930278724492911
	10.193633344263977 -3.1863186761366737 2.882698122095774
	10.17642478687123 -3.1913930359262577 2.8350382396586586
	10.15922623062769 -3.196487136079586 2.7873010603731028
	10.142038036770876 -3.2016011751999494 2.7394885603730272
	10.124860581285581 -3.2067353521915525 2.691602708770539
	10.107694255189324 -3.211889866197957 2.6436454677005035
	10.09053946479345 -3.2170649165462666 2.59561879238298
	10.073396631975442 -3.222260702685648 2.5475246311886712
	10.0562661944517 -3.227477424123475 2.499364925721293
	10.039148606045469 -3.2327152803606913 2.4511416109077167
	10.022044336957581 -3.237974470823799 2.4028566151002457
	10.004953874034406 -3.243255194795158 2.3545118601899344
	9.987877721031635 -3.2485576513419514 2.3061092617271086
	9.970816398887532 -3.2538820392391408 2.2576507290589087
	9.9537704459758 -3.2592285568961947 2.209138165468985
	9.936740418376738 -3.2645974022745787 2.160573468333814
	9.919726890128493 -3.269988772808613 2.111958529284465
	9.902730453490964 -3.2754028653186182 2.0632952343822373
	9.885751719187917 -3.2808398759278457 2.0145854642974004
	9.86879131666587 -3.286299999969954 1.9658310945052737
	9.851849894331425 -3.2917834318999053 1.917033995482836
	9.834928119798883 -3.297290365197238 1.868196032920492
	9.818026680120779 -3.3028209922709855 1.8193190679378048
	9.801146282015265 -3.308375504361271 1.77040495731137
	9.784287652103583 -3.3139540914327035 1.7214555537043004
	9.767451537113054 -3.3195569420751303 1.6724727059122098
	9.750638704099563 -3.3251842433925054 1.6234582591039386
	9.733849940647936 -3.3308361808944187 1.574414055083707
	9.717086055072409 -3.33651293838222 1.5253419325449495
	9.69728169769374 -3.343345896525447 1.4762437273425375
	9.66296577415714 -3.355424683664944 1.4271212727608966
	9.628902370510566 -3.367542569253692 1.3779763997951755
	9.595093051345303 -3.3796995050298873 1.3562273753452612
	9.561539360725112 -3.391895437491213 1.2809174349676462
	9.528242822063808 -3.4041303078374825 1.2558014068310257
	9.495204938004113 -3.4164040519161145 1.230685378694405
	9.462427190307388 -3.428716600166857 1.2055693505577845
	9.429911039743747 -3.4410678775699597 1.180453322421164
	9.397657925993899 -3.4534578035934644 1.1553372942845432
	9.365669267552443 -3.465886292143812 1.1302212661479227
	9.333946461641348 -3.4783532515163746 1.1051052380113022
	9.302490884128046 -3.490858584348308 1.0799892098746815
	9.271303889450683 -3.503402187572798 1.054873181738061
	9.240386810551028 -3.5159839523745853 1.0297571536014405
	9.209740958813914 -3.528603764147417 1.0046411254648198
	9.179367624013588 -3.5412615024533265 0.9795250973281993
	9.149268074269557 -3.5539570409827586 0.9544090691915788
	9.119443556006374 -3.566690247518109 0.9292930410549582
	9.089895293925757 -3.5794609838970364 0.9041770129183377
	9.060624490981857 -3.5922691059797933 0.8790609847817173
	9.031632328368511 -3.6051144636166987 0.8539449566450968
	9.002919965512795 -3.617996900618387 0.8288289285084763
	8.974488540075715 -3.6309162547286733 0.8037129003718559
	8.946339167964688 -3.6438723575978185 0.7785968722352354
	8.918472943351048 -3.6568650347595857 0.7534808440986149
	8.890890938697654 -3.6698941056097283 0.7283648159619945
	8.863594204796271 -3.6829593833861183 0.703248787825374
	8.836583770811183 -3.696060675152381 0.6781327596887535
	8.809860644334506 -3.709197781782367 0.653016731552133
	8.783425811448263 -3.7223704979480345 0.6279007034155126
	8.75728023679661 -3.7355786121090744 0.6027846752788921
	8.731424863667543 -3.7488219065046646 0.5776686471422716
	8.70586061408164 -3.762100157148753 0.5525526190056512
	8.680588388893444 -3.7754131338258516 0.5274365908690307
	8.655609067898952 -3.788760600090939 0.5023205627324102
	8.630923509953393 -3.8021423132712826 0.4772045345957897
	8.606532553099385 -3.8155580244700347 0.4520885064591692
	8.582437014702368 -3.829007478573461 0.4269724783225487
	8.558637691597173 -3.842490414259573 0.40185645018592814
	8.535135360242403 -3.8560065640100714 0.37674042204930763
	8.511930776885244 -3.8695556541240723 0.3516243939126871
	8.489024677733703 -3.88313740473544 0.32650836577606657
	8.466417779140187 -3.89675152983119 0.30139233763944606
	8.444110777792798 -3.910397737273286 0.27627630950282556
	8.422104350914893 -3.924075728823399 0.251160281366205
	8.400399156475814 -3.9377852001686535 0.2260442532295845
	8.378995833407716 -3.951525840951699 0.200928225092964
	8.357895001833215 -3.965297334801765 0.1758121969563435
	8.337097263300253 -3.9790993593691417 0.150696168819723
	8.316603201026215 -3.9929315863614923 0.1255801406831025
	8.296413380149062 -4.00679368158351 0.100464112546482
	8.276528347988208 -4.020685304977787 0.0753480844098615
	8.256948634311904 -4.034606110669103 0.050232056273241
	8.237674751612715 -4.048555747010818 0.0251160281366205
